EYESAT-1 (AO-27)        
1 22825U 93061C   18027.16438340  .00000002  00000-0  18576-4 0  9998
2 22825  98.8447   0.8625 0009143  43.2609 316.9289 14.30020238269416
CUTE-1 (CO-55)          
1 27844U 03031E   18026.96073561  .00000064  00000-0  48753-4 0  9997
2 27844  98.6886  37.6889 0010699  63.4417 296.7856 14.22090896756083
CUBESAT XI-IV (CO-57)   
1 27848U 03031J   18026.95127786  .00000045  00000-0  40115-4 0  9992
2 27848  98.6976  38.0281 0010684  72.5787 287.6558 14.21698032755962
CUBESAT XI 5            
1 28895U 05043F   18026.88908201  .00000145  00000-0  36661-4 0  9993
2 28895  97.8874 184.2403 0017524 152.4889 207.7245 14.63502227652973
CUTE-1.7+APD II (CO-65) 
1 32785U 08021C   18026.83994294  .00000223  00000-0  29800-4 0  9991
2 32785  97.5535  45.7255 0014039 142.1418 218.0790 14.88051905528156
COMPASS-1               
1 32787U 08021E   18027.03734818  .00000433  00000-0  46936-4 0  9992
2 32787  97.5395  56.1054 0013977 109.1316 251.1419 14.92895789528893
AAUSAT-II               
1 32788U 08021F   18027.06285204  .00000125  00000-0  16745-4 0  9999
2 32788  97.5366  59.3486 0013414 100.7740 259.4991 14.94200863529106
DELFI-C3 (DO-64)        
1 32789U 08021G   18027.10993573  .00001574  00000-0  11286-3 0  9993
2 32789  97.5316  85.3840 0013626  63.2224 297.0395 15.05702510530556
CANX-2                  
1 32790U 08021H   18026.86195856  .00000186  00000-0  25990-4 0  9991
2 32790  97.5530  43.9883 0014672 144.1977 216.0226 14.87761639528017
SEEDS II (CO-66)        
1 32791U 08021J   18026.55348778  .00000354  00000-0  41687-4 0  9999
2 32791  97.5461  50.4677 0014660 126.7657 233.4910 14.90453165528416
SWISSCUBE               
1 35932U 09051B   18026.88367668  .00000115  00000-0  36925-4 0  9992
2 35932  98.5232 174.8247 0006547 285.2895  74.7578 14.56114508442875
BEESAT                  
1 35933U 09051C   18026.98992232  .00000106  00000-0  34867-4 0  9998
2 35933  98.5271 176.3892 0004818 301.9885  58.0844 14.56223243442997
ITUPSAT 1               
1 35935U 09051E   18026.96516285  .00000071  00000-0  27447-4 0  9995
2 35935  98.5383 176.6183 0007081 294.1426  65.9030 14.55405668442781
TISAT 1                 
1 36799U 10035E   18026.89214965  .00000358  00000-0  42605-4 0  9991
2 36799  98.0855 159.5655 0011323 316.6768  43.3558 14.90677586408906
M-CUBED & EXP-1 PRIME   
1 37855U 11061F   18026.92834234  .00000964  00000-0  57484-4 0  9990
2 37855 101.7230  17.1803 0177844 140.1398 221.3032 15.04002255339946
HORYU 2                 
1 38340U 12025D   18026.95526541  .00000188  00000-0  35741-4 0  9993
2 38340  98.3745  43.7657 0010537 303.7894  56.2310 14.75489690295879
STRAND-1                
1 39090U 13009E   18026.56697837  .00000015  00000-0  20758-4 0  9994
2 39090  98.5332 234.6759 0009267   4.7332 355.3939 14.35008026257518
BRITE-AUSTRIA           
1 39091U 13009F   18027.13031714  .00000005  00000-0  17119-4 0  9991
2 39091  98.5298 234.5506 0010660   9.8596 350.2797 14.35057944257616
UNIBRITE                
1 39092U 13009G   18026.52169470 -.00000002  00000-0  14772-4 0  9995
2 39092  98.5309 233.6208 0009465   5.9628 354.1668 14.34931957257505
AIST-2                  
1 39133U 13015D   18027.19675872  .00000063  00000-0  17124-4 0  9990
2 39133  64.8740 297.5214 0033730 244.6326 115.1301 15.04477122261995
SOMP                    
1 39134U 13015E   18026.91013560  .00001322  00000-0  72465-4 0  9998
2 39134  64.8626 223.7728 0028266 229.2710 130.5962 15.18748385263065
BEESAT-3                
1 39135U 13015F   18026.90172191  .00000805  00000-0  51097-4 0  9997
2 39135  64.8675 235.3514 0030930 252.1172 107.6579 15.16339226262831
BEESAT-2                
1 39136U 13015G   18026.88845066  .00000907  00000-0  57071-4 0  9994
2 39136  64.8682 237.8038 0029805 252.6135 107.1731 15.15824498263173
NEE-01 PEGASUS          
1 39151U 13018B   18027.19052649  .00000136  00000-0  25045-4 0  9996
2 39151  97.9778 122.2674 0018026  48.7365 311.5396 14.79845488256663
CUBEBUG-1 (CAPITAN BETO)
1 39153U 13018D   18027.17677336  .00000177  00000-0  30153-4 0  9993
2 39153  97.9808 123.2673 0017894  46.7028 313.5673 14.80330639256732
ESTCUBE 1               
1 39161U 13021C   18027.18585744  .00000150  00000-0  31770-4 0  9995
2 39161  98.0152 115.1580 0010339 141.2454 218.9512 14.72013777253709
POPACS 1                
1 39268U 13055D   18026.73442636  .00003172  00000-0  91329-4 0  9995
2 39268  81.0050 134.5282 0641530 282.9295  70.1023 14.33044919222710
POPACS 2                
1 39269U 13055E   18026.39090802  .00002153  00000-0  63159-4 0  9990
2 39269  81.0169 153.9799 0694289 333.6589  23.0766 14.21398408221777
POPACS 3                
1 39270U 13055F   18026.41574343  .00002137  00000-0  66773-4 0  9999
2 39270  81.0179 164.5152 0721331   5.1278 355.6778 14.14199956201613
ZACUBE-1 (TSHEPISOSAT)  
1 39417U 13066B   18027.09773119  .00000197  00000-0  31465-4 0  9995
2 39417  97.6039  63.1513 0057764 256.8755 102.6008 14.80865752225918
WNISAT-1                
1 39423U 13066H   18027.16751755  .00000087  00000-0  26348-4 0  9994
2 39423  97.7095   2.3010 0177134  97.8143 264.3209 14.52917834221758
TRITON-1                
1 39427U 13066M   18026.96715790  .00000196  00000-0  39474-4 0  9999
2 39427  97.6370  32.3001 0113950 352.5810   7.3705 14.67602980223676
GOMX 1                  
1 39430U 13066Q   18026.89407144  .00000266  00000-0  56771-4 0  9993
2 39430  97.6825  14.0746 0152908  56.8895 304.6877 14.59011974222558
BRITE-PL                
1 39431U 13066R   18026.90611588  .00000085  00000-0  27847-4 0  9996
2 39431  97.7386 350.1898 0203351 143.1022 218.4363 14.46903823220600
HUMSAT-D                
1 39433U 13066T   18027.11590231  .00000557  00000-0  60358-4 0  9991
2 39433  97.6245  88.2953 0030942 189.6710 170.3917 14.91729945227394
EAGLE 2                 
1 39436U 13066W   18027.20466803  .00058938  00000-0  81834-3 0  9998
2 39436  97.7109 151.9975 0005621 340.3673  19.7364 15.56823321231245
CUBEBUG-2 (LO-74)       
1 39440U 13066AA  18027.09844893  .00000192  00000-0  34134-4 0  9990
2 39440  97.6105  50.6553 0079231 294.1053  65.1885 14.75603409225113
NEE-02 KRYSAOR          
1 39441U 13066AB  18026.62461308  .00000132  00000-0  26151-4 0  9999
2 39441  97.6098  48.5946 0080716 300.2376  59.0860 14.74727953224916
FUNCUBE-1 (AO-73)       
1 39444U 13066AE  18026.62670703  .00000250  00000-0  37482-4 0  9993
2 39444  97.6053  64.0488 0056960 254.2561 105.2366 14.81628903224695
UWE-3                   
1 39446U 13066AG  18026.82125054  .00000204  00000-0  34141-4 0  9999
2 39446  97.6059  56.2893 0068831 276.8521  82.4863 14.78135983223641
BRITE-TORONTO           
1 40020U 14033L   18027.18503814  .00000086  00000-0  23323-4 0  9996
2 40020  97.8047 252.4952 0087027 334.9272  24.7718 14.66463990192915
DUCHIFAT-1              
1 40021U 14033M   18027.18998512  .00000433  00000-0  50557-4 0  9995
2 40021  97.9178 305.6556 0011712 285.8499  74.1427 14.90180739195953
FLOCK 1C-10             
1 40023U 14033P   18026.71992942  .00000875  00000-0  98688-4 0  9993
2 40023  97.9196 303.9701 0011903 297.2533  62.7500 14.89109793195769
NANOSATC-BR1            
1 40024U 14033Q   18026.69188489  .00000326  00000-0  40195-4 0  9995
2 40024  97.9124 303.6687 0010985 289.8123  70.1909 14.89462269195296
QB50P1                  
1 40025U 14033R   18027.19711597  .00000221  00000-0  29741-4 0  9992
2 40025  97.9093 302.8614 0011221 291.8394  68.1628 14.88624247195818
FLOCK 1C-7              
1 40026U 14033S   18026.76045565 -.00000168  00000-0 -11550-4 0  9991
2 40026  97.9208 305.0443 0010399 295.1558  64.8548 14.89847995195830
FLOCK 1C-1              
1 40027U 14033T   18027.21620560  .00000418  00000-0  50226-4 0  9996
2 40027  97.9214 304.7631 0011939 292.4790  67.5108 14.89170115195859
POPSAT-HIP-1            
1 40028U 14033U   18027.18171913  .00000019  00000-0  81115-5 0  9995
2 40028  97.9124 303.1890 0012508 291.1688  68.8178 14.88482295195793
FLOCK 1C-2              
1 40029U 14033V   18026.70390246 -.00000011  00000-0  48747-5 0  9992
2 40029  97.9226 304.0878 0012988 291.2052  68.7820 14.89207700195779
FLOCK 1C-4              
1 40031U 14033X   18026.74407248  .00000567  00000-0  66196-4 0  9992
2 40031  97.9204 304.0647 0013322 287.3606  72.6135 14.89037230195767
QB50P2                  
1 40032U 14033Y   18026.70653759  .00000262  00000-0  34537-4 0  9995
2 40032  97.9054 301.2454 0010604 288.6044  71.4021 14.88173679195685
FLOCK 1C-11             
1 40033U 14033Z   18027.18865893  .00000636  00000-0  71082-4 0  9994
2 40033  97.9242 306.4725 0010910 277.5398  82.4587 14.90420953195954
ANTELSAT                
1 40034U 14033AA  18026.65589143  .00000195  00000-0  36828-4 0  9996
2 40034  97.8311 268.2892 0057738 294.5623  64.9575 14.73852729193838
FLOCK 1C-9              
1 40035U 14033AB  18026.75251941  .00000276  00000-0  35209-4 0  9992
2 40035  97.9236 304.6032 0010789 282.0574  77.9437 14.89243348195773
FLOCK 1C-6              
1 40036U 14033AC  18026.75763409  .00000053  00000-0  11552-4 0  9998
2 40036  97.9235 304.8825 0010881 284.0753  75.9231 14.89348431195790
PERSEUS-M2              
1 40037U 14033AD  18026.70885964  .00000071  00000-0  14303-4 0  9992
2 40037  97.9057 299.2098 0013161 296.1843  63.8018 14.86317614195515
FLOCK 1C-5              
1 40038U 14033AE  18026.70106856  .00000013  00000-0  73985-5 0  9997
2 40038  97.9251 304.5808 0013287 281.8940  78.0813 14.89316979195785
PERSEUS-M1              
1 40039U 14033AF  18026.69787988  .00000058  00000-0  12917-4 0  9993
2 40039  97.9059 298.6441 0012975 292.3030  67.6809 14.85940094194952
FLOCK 1C-8              
1 40040U 14033AG  18027.00302728  .00001196  00000-0  12589-3 0  9994
2 40040  97.9287 307.7813 0011534 265.8679  94.1223 14.91281954195985
FLOCK 1C-3              
1 40041U 14033AH  18026.70806820  .00000328  00000-0  40855-4 0  9997
2 40041  97.9214 304.2790 0011881 280.2615  79.7349 14.89002061195758
POLYITAN-1              
1 40042U 14033AJ  18027.22303691  .00000314  00000-0  40009-4 0  9990
2 40042  97.9167 302.9546 0013358 279.0515  80.9190 14.88291294195740
TIGRISAT                
1 40043U 14033AK  18027.18719753  .00000118  00000-0  25275-4 0  9996
2 40043  97.8290 269.4748 0058895 293.8097  65.6945 14.74089498193834
LEMUR-1                 
1 40044U 14033AL  18026.85544978  .00000132  00000-0  27309-4 0  9991
2 40044  97.8286 268.8317 0058072 296.2494  63.2753 14.73917118193367
AEROCUBE 6A             
1 40045U 14033AM  18026.67268244  .00000314  00000-0  53093-4 0  9992
2 40045  97.8436 270.7894 0057081 290.3546  69.1536 14.75048078193668
AEROCUBE 6B             
1 40046U 14033AN  18027.21569871  .00000288  00000-0  49318-4 0  9999
2 40046  97.8417 271.2160 0056086 287.9075  71.6024 14.75038550193881
UKUBE-1                 
1 40074U 14037F   18027.14038969  .00000258  00000-0  38396-4 0  9996
2 40074  98.3672 157.4671 0005819  60.9523 299.2273 14.83706387192385
BRITE-PL 2              
1 40119U 14049B   18026.84017246  .00000107  00000-0  19293-4 0  9998
2 40119  97.9248 116.4503 0018893  80.7120 279.6230 14.84244966186241
FIREBIRD 4              
1 40378U 15003C   18027.21455838  .00001950  00000-0  84254-4 0  9997
2 40378  99.1046 260.9852 0132791 339.6228  19.9730 15.16641861164954
GRIFEX                  
1 40379U 15003D   18027.18533181  .00001327  00000-0  62545-4 0  9999
2 40379  99.1083 257.7572 0139536 350.2628   9.5898 15.13899255164764
EXOCUBE                 
1 40380U 15003E   18027.20733858  .00000964  00000-0  48585-4 0  9991
2 40380  99.1132 256.0172 0143818 356.0318   3.9755 15.12193172164648
DEORBITSAIL             
1 40719U 15032E   18026.94252719  .00000355  00000-0  58402-4 0  9994
2 40719  97.9602 282.6353 0017134 139.2741 220.9753 14.76314384137334
TIANWANG 1C (TW-1C)     
1 40926U 15051B   18026.82240991  .00006822  00000-0  13758-3 0  9990
2 40926  97.2029  69.9051 0012642  77.4677  10.2626 15.46779716131448
TIANWANG 1B (TW-1B)     
1 40927U 15051C   18027.24675941  .00006896  00000-0  14472-3 0  9990
2 40927  97.2116  70.2361 0012402  85.1014 337.5016 15.45611912131439
TIANWANG 1A (TW-1A)     
1 40928U 15051D   18026.85290745  .00002837  00000-0  78203-4 0  9996
2 40928  97.2027  63.5770 0014034 108.6980 338.9180 15.37852731131058
LEMUR-2-JOEL            
1 40932U 15052C   18022.05686446  .00000903  00000-0  35077-4 0  9991
2 40932   6.0080 104.9865 0013237 127.5635 232.5896 14.77616152125432
LEMUR-2-CHRIS           
1 40933U 15052D   18022.03750727  .00000781  00000-0  18308-4 0  9996
2 40933   5.9967 103.8145 0013467 133.8871 225.9485 14.77767237125443
LEMUR-2-JEROEN          
1 40934U 15052E   18023.05094034 -.00101216  00000-0 -14310-1 0  9995
2 40934   6.0108 102.9692 0008665 125.4218 236.4358 14.77011567125495
LEMUR-2-PETER           
1 40935U 15052F   18022.09190452  .00000749  00000-0  15359-4 0  9994
2 40935   5.9982 111.9200 0009999 114.2091 246.6846 14.76885978125359
EXACTVIEW 9             
1 40936U 15052G   18026.62761100  .00000601  00000-0 -47989-5 0  9995
2 40936   6.0033  83.0231 0009459 154.8347 205.3788 14.76340899126016
ATHENOXAT 1             
1 41168U 15077C   18027.10923000  .00002020  00000-0  74798-4 0  9996
2 41168  14.9858 332.5643 0011969 240.9242 225.3929 15.12407813116981
GALASSIA                
1 41170U 15077E   18026.41463327  .00001789  00000-0  60923-4 0  9999
2 41170  14.9897 332.8603 0013344 252.1384 107.7481 15.12818879116925
VELOX 2                 
1 41171U 15077F   18027.12870487  .00001417  00000-0  44514-4 0  9994
2 41171  14.9923 345.4859 0009145 208.4925 151.4895 15.10414047116874
AGGIESAT 4              
1 41313U 98067HP  18027.11232595  .00122855  17540-4  24771-3 0  9996
2 41313  51.6319 277.2266 0002329 191.7153 168.3803 15.99418666114408
HORYU-IV                
1 41340U 16012D   18026.60174767  .00000524  00000-0  33445-4 0  9991
2 41340  31.0051 127.8171 0013968 129.0299 231.1581 15.00868643106605
OUFTI-1                 
1 41458U 16025C   18027.10064668  .00001720  00000-0  94581-4 0  9996
2 41458  98.1540  82.3111 0170392 260.5725  97.6254 15.04183077 96224
E-ST@R-II               
1 41459U 16025D   18026.75135229  .00001953  00000-0  10717-3 0  9995
2 41459  98.1562  81.8349 0170971 262.1343  96.0433 15.03961210 96160
AAUSAT 4                
1 41460U 16025E   18026.92265451  .00001459  00000-0  80996-4 0  9995
2 41460  98.1496  82.3179 0161984 258.5722  99.7259 15.05208578 96236
DIWATA-1                
1 41463U 98067HT  18027.21498039  .00009784  00000-0  94338-4 0  9991
2 41463  51.6405 330.8585 0000465  51.1317  31.7827 15.67235268 99872
FLOCK 2E'-1             
1 41479U 98067HZ  18027.14836724  .00068673  00000-0  25930-3 0  9990
2 41479  51.6315 302.3997 0002149 124.0928 236.0280 15.87078076 97188
FLOCK 2E'-3             
1 41480U 98067JA  18026.83632775  .00058953  00000-0  24933-3 0  9999
2 41480  51.6245 304.7785 0001547 108.2573 251.8599 15.84796274 97119
FLOCK 2E-1              
1 41483U 98067JD  18026.87171228  .00046218  00000-0  24669-3 0  9994
2 41483  51.6345 309.7295 0001539 107.5442 252.5728 15.79905225 96913
FLOCK 2E-3              
1 41486U 98067JG  18026.85905777  .00034135  00000-0  16311-3 0  9999
2 41486  51.6294 309.5607 0001922 140.7669 219.3473 15.82456769 96938
FLOCK 2E-4              
1 41487U 98067JH  18027.14346851  .00148363  00000-0  49574-3 0  9991
2 41487  51.6270 306.1780 0005744 163.5926 196.5266 15.89217125 97006
FLOCK 2E-6              
1 41563U 98067JM  18026.25260594  .00444151  95916-4  84568-3 0  9996
2 41563  51.6263 311.4222 0004967 154.2378 205.8880 16.00060324 94922
FLOCK 2E-5              
1 41564U 98067JN  18026.87684466  .00023302  00000-0  14920-3 0  9995
2 41564  51.6278 315.7437 0001645  27.0828 333.0257 15.76191981 94918
FLOCK 2E-7              
1 41565U 98067JP  18027.17380086  .00077345  00000-0  30469-3 0  9993
2 41565  51.6263 300.9998 0000881 222.0624 138.0313 15.86164739 95035
FLOCK 2E'-5             
1 41567U 98067JR  18027.15469730  .00026367  00000-0  17945-3 0  9999
2 41567  51.6330 317.6686 0002148 274.9885  85.0869 15.74703490 94782
FLOCK 2E'-6             
1 41568U 98067JS  18026.95791752  .00071554  00000-0  37156-3 0  9993
2 41568  51.6282 310.9419 0000911 239.1539 120.9373 15.80329354 94884
FLOCK 2E'-8             
1 41569U 98067JT  18027.12267111  .00083372  00000-0  30545-3 0  9997
2 41569  51.6296 299.9408 0001856 153.7651 206.3448 15.87617894 94922
FLOCK 2E-10             
1 41572U 98067JW  18027.12542039  .00185932  23781-4  59728-3 0  9990
2 41572  51.6309 303.0430 0004109 196.1935 163.8940 15.90592380 94866
FLOCK 2E-12             
1 41573U 98067JX  18026.92411774  .00129058  00000-0  43552-3 0  9999
2 41573  51.6286 300.8585 0001080 185.1714 174.9280 15.89100407 94879
FLOCK 2E-11             
1 41574U 98067JY  18026.94185125  .00053418  00000-0  19889-3 0  9992
2 41574  51.6225 300.0914 0000595 296.6592  63.4351 15.87465686 94886
FLOCK 2E'-9             
1 41575U 98067JZ  18027.12368326  .00093029  14632-4  23819-3 0  9990
2 41575  51.6243 293.7331 0001912 160.8593 199.2487 15.95269374 94978
FLOCK 2E'-10            
1 41576U 98067KA  18026.93915541  .00277741  41915-4  64796-3 0  9994
2 41576  51.6272 298.7026 0003041 202.5904 157.4971 15.96525770 94792
FLOCK 2E'-11            
1 41577U 98067KB  18026.85880549  .00088170  00000-0  34779-3 0  9995
2 41577  51.6316 303.5374 0000893 216.9479 143.1463 15.86087624 94542
FLOCK 2E'-12            
1 41578U 98067KC  18026.79411907  .00273734  41788-4  57755-3 0  9990
2 41578  51.6201 296.0045 0004113 175.7743 184.3301 15.98332134 94632
FLOCK 2P-6              
1 41606U 16040H   18027.14721799  .00003207  00000-0  13572-3 0  9999
2 41606  97.4327  92.9804 0010665  18.4599 341.7023 15.23872358 88793
FLOCK 2P-11             
1 41608U 16040K   18027.15563807  .00002427  00000-0  10372-3 0  9994
2 41608  97.4322  92.9397 0010788  18.5962 341.5667 15.23771916 88732
FLOCK 2P-2              
1 41609U 16040L   18026.90479455  .00003413  00000-0  14432-3 0  9999
2 41609  97.4327  92.6998 0010615  19.2140 340.9496 15.23855085 88673
FLOCK 2P-9              
1 41610U 16040M   18026.91707394  .00003313  00000-0  14018-3 0  9997
2 41610  97.4325  92.6627 0010932  18.9074 341.2567 15.23852022 88554
FLOCK 2P-4              
1 41611U 16040N   18026.88076041  .00002946  00000-0  12497-3 0  9992
2 41611  97.4351  92.9025 0011154  27.9616 332.2218 15.23857322 88717
FLOCK 2P-10             
1 41612U 16040P   18026.85704706  .00002515  00000-0  10715-3 0  9999
2 41612  97.4357  92.9711 0011041  28.0986 332.0845 15.23853345 88718
FLOCK 2P-8              
1 41613U 16040Q   18026.80951066  .00003748  00000-0  15819-3 0  9997
2 41613  97.4352  92.8510 0011166  27.4327 332.7497 15.23846064 88709
FLOCK 2P-12             
1 41614U 16040R   18026.83563880  .00002581  00000-0  11002-3 0  9998
2 41614  97.4363  93.0445 0010882  27.9378 332.2441 15.23811987 88718
FLOCK 2P-7              
1 41615U 16040S   18026.80617759  .00000814  00000-0  36918-4 0  9992
2 41615  97.4349  92.8355 0011230  28.1078 332.0763 15.23643905 88705
FLOCK 2P-5              
1 41616U 16040T   18026.91239899  .00002872  00000-0  12202-3 0  9995
2 41616  97.4363  93.0945 0010802  27.2288 332.9514 15.23829286 88708
FLOCK 2P-1              
1 41617U 16040U   18027.16092946  .00001285  00000-0  56222-4 0  9992
2 41617  97.4363  93.3804 0010872  26.4255 333.7535 15.23834698 88769
FLOCK 2P-3              
1 41618U 16040V   18027.12582173  .00003298  00000-0  13954-3 0  9995
2 41618  97.4364  93.2629 0010733  27.1345 333.0451 15.23856969 88753
BEESAT-4                
1 41619U 16040W   18026.90555911  .00001271  00000-0  59179-4 0  9990
2 41619  97.4347  91.9040 0011944  13.6939 346.4619 15.21693074 76600
3CAT-2                  
1 41732U 16051B   18027.23470794  .00001101  00000-0  46004-4 0  9995
2 41732  97.3770 305.9819 0012783 195.6875 317.7095 15.25683997 80688
FLOCK 2E'-13            
1 41761U 98067KH  18026.45447152  .00053977  00000-0  40473-3 0  9990
2 41761  51.6344 340.1378 0006301  48.1587 311.9949 15.72054880 77867
FLOCK 2E'-14            
1 41762U 98067KJ  18026.91253147  .00014833  00000-0  13925-3 0  9991
2 41762  51.6369 338.7656 0005814  28.7563 331.3752 15.67406480 77929
FLOCK 2E'-16            
1 41763U 98067KK  18026.85846703  .00057782  00000-0  41007-3 0  9993
2 41763  51.6355 336.1319 0006014  65.3708 294.7917 15.73323916 77917
FLOCK 2E'-15            
1 41764U 98067KL  18026.88739969  .00013624  00000-0  13307-3 0  9991
2 41764  51.6374 340.0971 0005567  35.0718 325.0643 15.66501613 77866
FLOCK 2E'-18            
1 41769U 98067KM  18026.86450138  .00013455  00000-0  13128-3 0  9995
2 41769  51.6374 339.9375 0004777  53.9579 306.1859 15.66545804 77861
FLOCK 2E'-17            
1 41776U 98067KN  18026.86958370  .00046151  00000-0  36259-3 0  9993
2 41776  51.6362 338.4928 0006022  76.8102 283.3567 15.71013120 77875
FLOCK 2E'-19            
1 41777U 98067KP  18026.90349582  .00021203  00000-0  15703-3 0  9990
2 41777  51.6348 330.3462 0003822  63.5486 296.5904 15.72866196 77946
FLOCK 2E'-20            
1 41782U 98067KQ  18026.86936265  .00021542  00000-0  17095-3 0  9993
2 41782  51.6357 333.1835 0004074  57.0762 303.0627 15.71208900 77771
CANX-7                  
1 41788U 16059F   18027.21120891  .00005990  00000-0  10504-2 0  9996
2 41788  98.1954  93.2832 0035984 179.8976 180.2211 14.67697014 71412
ALSAT 1N                
1 41789U 16059G   18027.10879134  .00000092  00000-0  26648-4 0  9992
2 41789  98.1380  91.7484 0028628 168.3349 191.8532 14.64122346 71373
RAVAN                   
1 41849U 16067B   18027.17320140  .00000974  00000-0  88732-4 0  9994
2 41849  97.9327 113.8337 0007148 270.2533  89.7869 14.97524469 66025
CELTEE 1                
1 41850U 16067C   18027.16894322  .00000354  00000-0  36341-4 0  9994
2 41850  97.9315 113.5046 0007499 272.0547  87.9815 14.96730766 66009
OPTICUBE 04             
1 41851U 16067D   18026.85423043  .00000609  00000-0  58768-4 0  9998
2 41851  97.9322 113.1355 0007256 276.5074  83.5321 14.96615230 65957
AEROCUBE 8D             
1 41852U 16067E   18027.20706569 -.00000268  00000-0 -18275-4 0  9998
2 41852  97.9335 113.3561 0008338 275.3905  84.6364 14.96402799 65992
AEROCUBE 8C             
1 41853U 16067F   18027.21784127 -.00000179  00000-0 -10437-4 0  9999
2 41853  97.9329 113.3390 0008865 275.9882  84.0328 14.96363597 65997
PROMETHEUS 2-1          
1 41854U 16067G   18027.23183492  .00000429  00000-0  43168-4 0  9993
2 41854  97.9331 113.3341 0009122 274.1800  85.8378 14.96417713 65999
PROMETHEUS 2-3          
1 41855U 16067H   18026.69927342  .00000524  00000-0  51617-4 0  9997
2 41855  97.9334 112.7957 0009284 276.5371  83.4793 14.96413808 65915
LEMUR-2-XIAOQING        
1 41871U 16062C   18027.20201295  .00002454  00000-0  11442-3 0  9995
2 41871  51.6449 101.7411 0002441 321.8236  38.2548 15.23761678 65088
LEMUR-2-SOKOLSKY        
1 41872U 16062D   18027.24626269 -.00000120  00000-0  89073-5 0  9998
2 41872  51.7002 101.8624 0002070 298.3426  61.7330 15.23680509 65082
LEMUR-2-ANUBHAVTHAKUR   
1 41873U 16062E   18026.43328808  .00001552  00000-0  81018-4 0  9996
2 41873  51.6400 107.7134 0003283 307.2088  52.8587 15.22130247 64910
LEMUR-2-WINGO           
1 41874U 16062F   18026.80263557  .00001870  00000-0  91522-4 0  9991
2 41874  51.6734 104.3842 0004542 284.1577  75.8896 15.23361021 65001
STARS-C                 
1 41895U 98067KR  18027.03688689  .00162018  20902-4  49134-3 0  9992
2 41895  51.6317 327.3646 0005477 114.4392 245.7186 15.91750707 63206
ITF-2                   
1 41932U 98067KU  18026.87073087  .00022923  00000-0  20333-3 0  9998
2 41932  51.6386 344.5221 0004671  38.9573 321.1759 15.68458986 58533
WASEDA-SAT3             
1 41933U 98067KV  18026.90910810  .00027475  00000-0  21787-3 0  9998
2 41933  51.6361 341.7045 0004611  44.3250 315.8116 15.71064207 58571
AOBA-VELOX 3            
1 41935U 98067KX  18026.42141969  .00027530  00000-0  22742-3 0  9992
2 41935  51.6376 345.2483 0004322  41.7537 318.3790 15.70079631 58585
FLOCK 3P-8              
1 41951U 17008D   18026.80005838  .00002665  00000-0  11344-3 0  9990
2 41951  97.4688  92.3651 0009814 123.9777 236.2394 15.23842420 52577
FLOCK 3P-51             
1 41952U 17008E   18026.10928073  .00001009  00000-0  44786-4 0  9997
2 41952  97.4692  91.7838 0009379 141.5185 218.6722 15.23843353 52472
FLOCK 3P-37             
1 41953U 17008F   18027.13530433  .00002341  00000-0  98226-4 0  9999
2 41953  97.4693  93.0059 0008626 142.0002 218.1845 15.24462319 52631
INS-1B                  
1 41954U 17008G   18027.17457744  .00001206  00000-0  54908-4 0  9995
2 41954  97.4656  92.2203 0010936 123.5202 236.7080 15.22602609 52549
FLOCK 3P-19             
1 41955U 17008H   18026.68259809  .00002082  00000-0  89279-4 0  9995
2 41955  97.4681  92.1968 0010553 124.4394 235.7842 15.23826759 52474
FLOCK 3P-24             
1 41956U 17008J   18026.86083930  .00002952  00000-0  12402-3 0  9995
2 41956  97.4678  92.4117 0010381 121.0612 239.1646 15.24187477 52585
FLOCK 3P-18             
1 41957U 17008K   18026.86701089  .00002606  00000-0  11029-3 0  9998
2 41957  97.4680  92.4087 0010472 122.4887 237.7364 15.24048373 52420
FLOCK 3P-22             
1 41958U 17008L   18026.62425420  .00000674  00000-0  31085-4 0  9993
2 41958  97.4684  92.1280 0010387 123.8703 236.3523 15.23665655 52377
FLOCK 3P-21             
1 41959U 17008M   18026.81154667  .00000758  00000-0  34553-4 0  9993
2 41959  97.4691  92.3605 0010235 124.6782 235.5421 15.23663717 52417
FLOCK 3P-28             
1 41960U 17008N   18026.80694890  .00003021  00000-0  12821-3 0  9990
2 41960  97.4690  92.3572 0010074 123.1197 237.1008 15.23832307 52496
FLOCK 3P-26             
1 41961U 17008P   18026.87825450  .00002690  00000-0  11441-3 0  9994
2 41961  97.4687  92.4106 0010290 122.5577 237.6655 15.23852014 52425
FLOCK 3P-17             
1 41962U 17008Q   18026.86030895  .00004787  00000-0  20054-3 0  9994
2 41962  97.4687  92.4361 0009893 125.7138 234.5021 15.23970532 52377
FLOCK 3P-27             
1 41963U 17008R   18026.36194765  .00002103  00000-0  90089-4 0  9993
2 41963  97.4685  91.8774 0010353 124.4592 235.7625 15.23862365 52344
FLOCK 3P-25             
1 41964U 17008S   18026.81014348  .00003164  00000-0  13403-3 0  9994
2 41964  97.4685  92.3432 0010057 123.2944 236.9257 15.23855569 52398
FLOCK 3P-4              
1 41965U 17008T   18026.86882708  .00001193  00000-0  52421-4 0  9997
2 41965  97.4687  92.4292 0009912 124.3248 235.8928 15.23848381 52503
FLOCK 3P-2              
1 41966U 17008U   18027.26411549  .00002689  00000-0  11444-3 0  9994
2 41966  97.4686  92.8275 0009841 122.8210 237.3970 15.23838189 52487
FLOCK 3P-1              
1 41967U 17008V   18026.89953788  .00002176  00000-0  93628-4 0  9995
2 41967  97.4691  92.4035 0009949 124.2374 235.9807 15.23672074 52426
FLOCK 3P-3              
1 41968U 17008W   18026.87399905  .00003033  00000-0  12873-3 0  9994
2 41968  97.4687  92.4195 0009935 123.2644 236.9546 15.23824962 52508
FLOCK 3P-6              
1 41969U 17008X   18026.86752829  .00002664  00000-0  11341-3 0  9990
2 41969  97.4691  92.4402 0009785 122.7390 237.4792 15.23835406 52414
FLOCK 3P-7              
1 41970U 17008Y   18026.91253478  .00002623  00000-0  11169-3 0  9997
2 41970  97.4692  92.5356 0009845 124.9627 235.2536 15.23839521 52436
FLOCK 3P-5              
1 41971U 17008Z   18026.79933488  .00002960  00000-0  12565-3 0  9995
2 41971  97.4693  92.3878 0009795 125.5513 234.6638 15.23846394 52342
FLOCK 3P-12             
1 41972U 17008AA  18026.73200225  .00002039  00000-0  87454-4 0  9993
2 41972  97.4689  92.3207 0009595 125.8783 234.3346 15.23851023 52487
FLOCK 3P-9              
1 41973U 17008AB  18026.86682097  .00002735  00000-0  11633-3 0  9997
2 41973  97.4693  92.4534 0009795 123.6232 236.5941 15.23841651 52508
FLOCK 3P-10             
1 41974U 17008AC  18027.18207446  .00002798  00000-0  11892-3 0  9991
2 41974  97.4694  92.8023 0009629 123.9922 236.2231 15.23851024 52438
FLOCK 3P-11             
1 41975U 17008AD  18026.80267429  .00002345  00000-0  10020-3 0  9997
2 41975  97.4690  92.3854 0009840 124.1194 236.0978 15.23834243 52385
FLOCK 3P-60             
1 41976U 17008AE  18026.84053827  .00001325  00000-0  57880-4 0  9990
2 41976  97.4694  92.4968 0009504 125.6488 234.5636 15.23861531 51750
FLOCK 3P-58             
1 41977U 17008AF  18026.79848839  .00002727  00000-0  11603-3 0  9999
2 41977  97.4692  92.3885 0009559 125.1618 235.0516 15.23839126 52575
FLOCK 3P-57             
1 41978U 17008AG  18026.85582776  .00002829  00000-0  12026-3 0  9995
2 41978  97.4694  92.4659 0009664 124.0005 236.2151 15.23831246 52420
FLOCK 3P-75             
1 41979U 17008AH  18026.85453223  .00002774  00000-0  11793-3 0  9999
2 41979  97.4715  92.5720 0009815 126.6586 233.5554 15.23842797 52571
FLOCK 3P-70             
1 41980U 17008AJ  18026.85289349  .00002734  00000-0  11627-3 0  9999
2 41980  97.4716  92.5777 0009773 126.1576 234.0567 15.23847979 52413
FLOCK 3P-73             
1 41981U 17008AK  18026.86262879  .00002840  00000-0  12069-3 0  9999
2 41981  97.4717  92.5667 0009979 127.2724 232.9424 15.23843652 52556
FLOCK 3P-88             
1 41982U 17008AL  18026.91515328  .00002193  00000-0  93835-4 0  9998
2 41982  97.4713  92.6357 0009778 126.2549 233.9593 15.23863785 51535
FLOCK 3P-85             
1 41983U 17008AM  18027.16247400  .00002297  00000-0  97982-4 0  9992
2 41983  97.4716  92.9281 0009675 128.7683 231.4420 15.23912036 52470
FLOCK 3P-79             
1 41984U 17008AN  18026.63813163  .00001122  00000-0  49504-4 0  9992
2 41984  97.4714  92.4020 0009371 129.5984 230.6081 15.23845166 52395
FLOCK 3P-86             
1 41985U 17008AP  18026.90238648  .00001079  00000-0  47743-4 0  9996
2 41985  97.4713  92.6558 0009354 128.1139 232.0942 15.23831461 52420
FLOCK 3P-36             
1 41986U 17008AQ  18027.16722658  .00001058  00000-0  46841-4 0  9990
2 41986  97.4696  92.8339 0009152 125.0680 235.1417 15.23849236 51950
FLOCK 3P-30             
1 41987U 17008AR  18026.69939306  .00002893  00000-0  12284-3 0  9999
2 41987  97.4698  92.3877 0009042 127.9554 232.2501 15.23860023 52358
FLOCK 3P-34             
1 41988U 17008AS  18026.84209461  .00001196  00000-0  52534-4 0  9997
2 41988  97.4692  92.4846 0009227 124.1838 236.0275 15.23849910 51901
FLOCK 3P-35             
1 41989U 17008AT  18026.77985745  .00001144  00000-0  50432-4 0  9994
2 41989  97.4691  92.4124 0009397 124.2908 235.9220 15.23824125 51894
FLOCK 3P-33             
1 41990U 17008AU  18026.64282375  .00001009  00000-0  44806-4 0  9999
2 41990  97.4693  92.2964 0009028 125.4803 234.7278 15.23848239 51876
LEMUR-2-SATCHMO         
1 41991U 17008AV  18026.68230593  .00001065  00000-0  48303-4 0  9997
2 41991  97.4682  92.0722 0009168 127.8509 232.3558 15.22977258 51866
LEMUR-2-MIA-GRACE       
1 41992U 17008AW  18027.14946768  .00001522  00000-0  66786-4 0  9991
2 41992  97.4686  92.6861 0009069 126.5263 233.6810 15.23471271 51943
LEMUR-2-SMITA-SHARAD    
1 41993U 17008AX  18026.78726547  .00001250  00000-0  55898-4 0  9992
2 41993  97.4681  92.2402 0009100 127.2180 232.9889 15.23152270 51884
LEMUR-2-SPIRE-MINIONS   
1 41994U 17008AY  18027.15884159  .00001506  00000-0  66207-4 0  9999
2 41994  97.4681  92.6633 0009139 125.8894 234.3192 15.23429859 51943
LEMUR-2-RDEATON         
1 41995U 17008AZ  18026.77881773  .00001193  00000-0  53426-4 0  9997
2 41995  97.4682  92.2561 0009935 139.6673 220.5302 15.23205710 52560
LEMUR-2-NOGUECORREIG    
1 41996U 17008BA  18026.81622056  .00001344  00000-0  59396-4 0  9990
2 41996  97.4690  92.3710 0009865 140.0856 220.1108 15.23434060 51794
LEMUR-2-JOBANPUTRA      
1 41997U 17008BB  18026.79154752  .00001604  00000-0  70040-4 0  9999
2 41997  97.4692  92.4066 0009801 139.8743 220.3220 15.23564206 51886
LEMUR-2-TACHIKOMA       
1 41998U 17008BC  18026.78849044  .00001182  00000-0  53090-4 0  9991
2 41998  97.4681  92.2403 0009827 140.0489 220.1473 15.23103797 51801
BGUSAT                  
1 41999U 17008BD  18026.88885854  .00002076  00000-0  88767-4 0  9994
2 41999  97.4698  92.6013 0009757 140.7134 219.4813 15.23944425 51908
DIDO-2                  
1 42000U 17008BE  18027.13855055  .00000924  00000-0  42408-4 0  9999
2 42000  97.4676  92.5302 0009813 139.5573 220.6395 15.22894590 51932
FLOCK 3P-49             
1 42001U 17008BF  18026.69587113  .00002104  00000-0  90219-4 0  9992
2 42001  97.4695  92.3833 0009387 141.2533 218.9379 15.23830157 52408
FLOCK 3P-67             
1 42002U 17008BG  18027.15327098  .00002281  00000-0  97032-4 0  9995
2 42002  97.4692  92.8362 0009329 139.0262 221.1678 15.24023203 52638
FLOCK 3P-68             
1 42003U 17008BH  18026.89926427  .00001164  00000-0  51220-4 0  9995
2 42003  97.4690  92.5572 0009520 138.8246 221.3711 15.23854001 52232
FLOCK 3P-41             
1 42004U 17008BJ  18026.16542589  .00000864  00000-0  38826-4 0  9992
2 42004  97.4691  91.8471 0009207 142.7078 217.4799 15.23830068 52322
FLOCK 3P-45             
1 42005U 17008BK  18026.88591840  .00002340  00000-0  99411-4 0  9994
2 42005  97.4694  92.5803 0009213 140.8223 219.3682 15.24032800 52591
FLOCK 3P-48             
1 42006U 17008BL  18027.15383966  .00001492  00000-0  64852-4 0  9992
2 42006  97.4695  92.8439 0009117 140.2727 219.9180 15.23825365 52412
FLOCK 3P-43             
1 42007U 17008BM  18026.69568384  .00000730  00000-0  33354-4 0  9997
2 42007  97.4695  92.3716 0009101 142.2266 217.9612 15.23713109 52565
FLOCK 3P-42             
1 42008U 17008BN  18026.69245108  .00001154  00000-0  50826-4 0  9998
2 42008  97.4689  92.3667 0009129 141.8418 218.3467 15.23852342 52485
FLOCK 3P-61             
1 42009U 17008BP  18026.69157082  .00003250  00000-0  13761-3 0  9997
2 42009  97.4694  92.3754 0008982 143.6855 216.4994 15.23860015 52536
FLOCK 3P-40             
1 42010U 17008BQ  18027.14507200  .00003169  00000-0  13425-3 0  9997
2 42010  97.4687  92.8161 0008917 142.8023 217.3833 15.23861128 51866
FLOCK 3P-16             
1 42011U 17008BR  18026.80537477  .00002916  00000-0  12394-3 0  9992
2 42011  97.4689  92.5078 0008543 143.9022 216.2793 15.23826404 51758
FLOCK 3P-14             
1 42012U 17008BS  18026.80450976  .00001796  00000-0  77327-4 0  9994
2 42012  97.4696  92.5298 0008771 146.3088 213.8708 15.23896389 52370
FLOCK 3P-53             
1 42013U 17008BT  18026.80868610  .00001230  00000-0  53960-4 0  9993
2 42013  97.4682  92.4849 0008548 144.0234 216.1580 15.23841588 52372
FLOCK 3P-54             
1 42014U 17008BU  18026.87782785  .00002958  00000-0  12557-3 0  9993
2 42014  97.4689  92.5661 0008520 145.0808 215.0990 15.23850354 52599
PEASSS                  
1 42015U 17008BV  18026.86048503  .00001118  00000-0  49618-4 0  9992
2 42015  97.4671  92.5519 0007526 145.2479 214.9250 15.23635237 52390
AL-FARABI 1             
1 42016U 17008BW  18026.55876766  .00001463  00000-0  63414-4 0  9992
2 42016  97.4677  92.3576 0007408 146.6088 213.5618 15.23958802 52476
NAYIF-1 (EO-88)         
1 42017U 17008BX  18026.88339126  .00001450  00000-0  62839-4 0  9999
2 42017  97.4674  92.6859 0007391 145.7113 214.4602 15.23979926 52542
FLOCK 3P-23             
1 42018U 17008BY  18026.87657002  .00003080  00000-0  13059-3 0  9995
2 42018  97.4684  92.4012 0010148 122.7723 237.4493 15.23853237 51356
FLOCK 3P-76             
1 42019U 17008BZ  18026.84340934  .00001219  00000-0  53523-4 0  9999
2 42019  97.4716  92.5984 0009789 127.7418 232.4708 15.23836962 52415
FLOCK 3P-69             
1 42020U 17008CA  18026.84188337  .00001076  00000-0  47596-4 0  9992
2 42020  97.4715  92.5994 0009663 126.7995 233.4130 15.23836042 51303
FLOCK 3P-84             
1 42021U 17008CB  18026.85221198  .00002664  00000-0  11337-3 0  9994
2 42021  97.4713  92.5660 0010060 126.6925 233.5238 15.23849312 52425
FLOCK 3P-59             
1 42022U 17008CC  18026.91543151  .00002252  00000-0  95995-4 0  9994
2 42022  97.4692  92.5411 0009449 126.5915 233.6192 15.23960776 51453
FLOCK 3P-32             
1 42023U 17008CD  18026.79107275  .00002849  00000-0  12107-3 0  9999
2 42023  97.4694  92.4044 0009502 123.9576 236.2565 15.23842946 52576
FLOCK 3P-71             
1 42024U 17008CE  18026.87407645  .00002495  00000-0  10638-3 0  9997
2 42024  97.4716  92.5624 0009743 128.2821 231.9294 15.23848121 51453
FLOCK 3P-77             
1 42025U 17008CF  18026.38507863  .00002972  00000-0  12620-3 0  9990
2 42025  97.4717  92.1272 0009708 129.4876 230.7221 15.23833606 52353
FLOCK 3P-80             
1 42026U 17008CG  18026.89096152  .00001464  00000-0  63437-4 0  9999
2 42026  97.4712  92.6705 0009275 128.0663 232.1412 15.23971392 50578
FLOCK 3P-66             
1 42027U 17008CH  18026.89878003  .00002032  00000-0  87200-4 0  9999
2 42027  97.4696  92.5716 0009567 138.3305 221.8662 15.23852261 52546
FLOCK 3P-65             
1 42028U 17008CJ  18027.15949656  .00001752  00000-0  75608-4 0  9990
2 42028  97.4693  92.8350 0009383 137.6831 222.5131 15.23840379 52482
FLOCK 3P-50             
1 42029U 17008CK  18027.15603709  .00001079  00000-0  47736-4 0  9990
2 42029  97.4696  92.8497 0009199 139.4805 220.7118 15.23836144 51809
FLOCK 3P-52             
1 42030U 17008CL  18027.15811416  .00001883  00000-0  81024-4 0  9999
2 42030  97.4692  92.8318 0009303 139.0364 221.1574 15.23852476 52574
FLOCK 3P-46             
1 42031U 17008CM  18026.89043119  .00001776  00000-0  76619-4 0  9992
2 42031  97.4689  92.5667 0009206 140.5020 219.6890 15.23831366 52593
FLOCK 3P-47             
1 42032U 17008CN  18026.69518260  .00003032  00000-0  12867-3 0  9996
2 42032  97.4692  92.3667 0009143 141.4012 218.7880 15.23834753 52386
FLOCK 3P-44             
1 42033U 17008CP  18026.62630623  .00000794  00000-0  36029-4 0  9997
2 42033  97.4695  92.3176 0009162 144.4985 215.6863 15.23694993 51126
FLOCK 3P-64             
1 42034U 17008CQ  18026.09877161  .00001752  00000-0  75628-4 0  9992
2 42034  97.4689  91.7785 0008948 145.3448 214.8374 15.23843199 52464
FLOCK 3P-63             
1 42035U 17008CR  18026.88459539  .00003025  00000-0  12837-3 0  9992
2 42035  97.4689  92.5597 0008997 142.7742 217.4120 15.23841985 50554
FLOCK 3P-62             
1 42036U 17008CS  18026.85793373  .00002524  00000-0  10677-3 0  9990
2 42036  97.4690  92.6027 0008979 144.4394 215.7443 15.24110489 51759
FLOCK 3P-38             
1 42037U 17008CT  18026.88317077  .00002852  00000-0  12116-3 0  9991
2 42037  97.4690  92.5649 0008706 143.3777 216.8056 15.23852156 52532
FLOCK 3P-39             
1 42038U 17008CU  18026.94659070  .00002984  00000-0  12669-3 0  9990
2 42038  97.4686  92.6168 0008927 143.3478 216.8371 15.23834504 52490
FLOCK 3P-15             
1 42039U 17008CV  18027.14854809  .00002678  00000-0  11392-3 0  9993
2 42039  97.4688  92.8202 0008854 142.4423 217.7434 15.23860426 51809
FLOCK 3P-13             
1 42040U 17008CW  18027.20909024  .00001273  00000-0  55901-4 0  9997
2 42040  97.4693  92.9035 0008723 143.2861 216.8975 15.23750467 51805
FLOCK 3P-55             
1 42041U 17008CX  18026.72750333  .00003070  00000-0  13030-3 0  9994
2 42041  97.4692  92.4685 0008410 147.7750 212.4003 15.23833674 52571
FLOCK 3P-56             
1 42042U 17008CY  18026.81497068  .00002462  00000-0  10342-3 0  9995
2 42042  97.4687  92.6413 0008330 146.4267 213.7500 15.24368938 52389
FLOCK 3P-81             
1 42043U 17008CZ  18026.83689275  .00001212  00000-0  53122-4 0  9997
2 42043  97.4713  92.5957 0009618 129.0557 231.1537 15.23895056 51761
FLOCK 3P-87             
1 42044U 17008DA  18026.84901010  .00002767  00000-0  11769-3 0  9999
2 42044  97.4711  92.5616 0009839 126.4576 233.7569 15.23832184 51912
FLOCK 3P-29             
1 42045U 17008DB  18026.85035641  .00002815  00000-0  11957-3 0  9992
2 42045  97.4694  92.4776 0009572 123.8949 236.3200 15.23864183 51766
FLOCK 3P-82             
1 42046U 17008DC  18026.90748082  .00002335  00000-0  99149-4 0  9996
2 42046  97.4712  92.6450 0009788 127.1917 233.0215 15.24046188 51825
FLOCK 3P-78             
1 42047U 17008DD  18027.17581879  .00001564  00000-0  67787-4 0  9992
2 42047  97.4710  92.9033 0009718 125.5613 234.6531 15.23851552 51794
FLOCK 3P-74             
1 42048U 17008DE  18026.85810146  .00002772  00000-0  11786-3 0  9998
2 42048  97.4717  92.5741 0010047 127.4954 232.7198 15.23837181 51745
FLOCK 3P-31             
1 42049U 17008DF  18027.12215263  .00002827  00000-0  12015-3 0  9996
2 42049  97.4693  92.7291 0009660 124.2024 236.0129 15.23841865 51243
FLOCK 3P-83             
1 42050U 17008DG  18026.86072423  .00002731  00000-0  11617-3 0  9998
2 42050  97.4712  92.5545 0009907 128.2014 232.0117 15.23837523 52479
FLOCK 3P-72             
1 42051U 17008DH  18027.17135577  .00000628  00000-0  29183-4 0  9995
2 42051  97.4718  92.9296 0009515 126.2812 233.9305 15.23657304 50117
LEMUR-2-REDFERN-GOES    
1 42059U 98067LA  18026.87483350  .00022383  00000-0  20396-3 0  9996
2 42059  51.6365 347.5001 0006748  59.6847 300.4816 15.67799207 50989
LEMUR-2-TRUTNA          
1 42067U 98067LC  18026.86921144  .00056501  00000-0  28167-3 0  9995
2 42067  51.6419 336.1393 0005086  78.5497 281.6076 15.81297153 50966
LEMUR-2-AUSTINTACIOUS   
1 42068U 98067LD  18026.87109830  .00032455  00000-0  26650-3 0  9994
2 42068  51.6371 345.2212 0006171  54.3149 305.8422 15.70120662 50947
LEMUR-2-TRUTNAHD        
1 42069U 98067LE  18026.86358039  .00023599  00000-0  20754-3 0  9999
2 42069  51.6377 346.7000 0006107  59.3279 300.8319 15.68641987 50971
HAVELSAT                
1 42700U 98067LH  18027.13400604  .00018695  00000-0  19593-3 0  9998
2 42700  51.6384 352.2630 0005792  80.1297 280.0352 15.64429042 39899
SOMP 2                  
1 42701U 98067LJ  18027.12095334  .00017787  00000-0  19081-3 0  9991
2 42701  51.6379 352.9254 0005772  79.3365 280.8280 15.63875159 39876
COLUMBIA                
1 42702U 98067LK  18027.07901646  .00161718  00000-0  63390-3 0  9994
2 42702  51.6299 340.4968 0006406 101.6368 258.5355 15.85938673 39969
SGSAT                   
1 42703U 98067LL  18027.14378800  .00062952  00000-0  41701-3 0  9995
2 42703  51.6339 345.4944 0003348  65.9503 294.1847 15.74905277 39895
CXBN-2                  
1 42704U 98067LM  18026.28945007  .00020915  00000-0  22217-3 0  9993
2 42704  51.6386 357.1299 0002482  37.5656 322.5512 15.64013629 39674
ICECUBE                 
1 42705U 98067LN  18027.12600325  .00031161  00000-0  28829-3 0  9999
2 42705  51.6419 350.7559 0002651  42.9538 317.1665 15.67241676 39898
PHOENIX                 
1 42706U 98067LP  18027.17291398  .00016570  00000-0  17901-3 0  9997
2 42706  51.6381 352.5261 0001973  57.6188 302.4997 15.63766105 39808
X-CUBESAT               
1 42707U 98067LQ  18027.14220772  .00019549  00000-0  20396-3 0  9994
2 42707  51.6362 352.2958 0002156  58.9851 301.1356 15.64522313 39798
QBEE50-LTU-OC           
1 42708U 98067LR  18027.16340558  .00019065  00000-0  20183-3 0  9999
2 42708  51.6380 352.4476 0002164  57.4886 302.6318 15.64170179 39756
ALTAIR PATHFINDER       
1 42711U 98067LS  18026.91246543  .00011421  00000-0  14054-3 0  9992
2 42711  51.6383 356.7801 0004267  23.3422 336.7764 15.60755734 39380
SHARC                   
1 42712U 98067LT  18027.15872639  .00008901  00000-0  11477-3 0  9996
2 42712  51.6400 356.2019 0002710  36.6753 323.4425 15.59850480 39651
ZA-AEROSAT              
1 42713U 98067LU  18027.15936536  .00015878  00000-0  17919-3 0  9992
2 42713  51.6374 353.9303 0002542  28.7276 331.3858 15.62678166 39445
LINK                    
1 42714U 98067LV  18027.15269554  .00028583  00000-0  26540-3 0  9999
2 42714  51.6349 350.8482 0002766  38.9885 321.1310 15.67198884 39594
CSUNSAT 1               
1 42715U 98067LW  18027.14922012  .00015921  00000-0  17803-3 0  9998
2 42715  51.6386 353.8671 0004224  17.8424 342.2718 15.62909724 39443
UPSAT                   
1 42716U 98067LX  18026.28561888  .00026965  00000-0  26229-3 0  9995
2 42716  51.6375 355.5899 0004429  77.7727 282.3764 15.66069126 39476
SPACECUBE               
1 42717U 98067LY  18027.11999476  .00018766  00000-0  19951-3 0  9991
2 42717  51.6374 352.9120 0004408  80.6460 279.5033 15.64067988 38825
HOOPOE                  
1 42718U 98067LZ  18026.92443285  .00020690  00000-0  21067-3 0  9992
2 42718  51.6380 353.1075 0004395  78.3674 281.7814 15.65091898 38809
CHALLENGER              
1 42721U 98067MA  18026.28949060  .00041349  00000-0  35507-3 0  9995
2 42721  51.6359 354.0828 0006595  63.1537 297.0134 15.68911520 38439
NJUST-1                 
1 42722U 98067MB  18026.89465465  .00014127  00000-0  16379-3 0  9995
2 42722  51.6383 355.9146 0007016  63.8301 296.3414 15.62070208 38464
UNSW-ECO                
1 42723U 98067MC  18026.31990785  .00026354  00000-0  26568-3 0  9997
2 42723  51.6390 356.5813 0006641  61.2027 298.9635 15.65170489 38380
DUTHSAT                 
1 42724U 98067MD  18026.90792554  .00032689  00000-0  28917-3 0  9995
2 42724  51.6364 351.4820 0005902  67.4638 292.6983 15.68306063 38445
LILACSAT-1              
1 42725U 98067ME  18026.90233427  .00019377  00000-0  21283-3 0  9993
2 42725  51.6382 355.2171 0006066  66.2573 293.9057 15.63199177 38384
NSIGHT-1                
1 42726U 98067MF  18027.09520318  .00007795  00000-0  10383-3 0  9993
2 42726  51.6400 357.2724 0006497  68.2802 291.8882 15.59181321 38376
SNUSAT-1                
1 42727U 98067MG  18026.77809963  .00020128  00000-0  22139-3 0  9991
2 42727  51.6368 355.8611 0007287  31.7627 328.3806 15.63125689 38324
QBITO                   
1 42728U 98067MH  18027.15258389  .00018920  00000-0  20133-3 0  9994
2 42728  51.6400 353.1645 0003876  72.5457 287.5961 15.64040854 38233
AALTO-2                 
1 42729U 98067MJ  18027.14807427  .00019389  00000-0  20538-3 0  9996
2 42729  51.6383 353.1114 0003840  71.7046 288.4367 15.64138117 38242
SUSAT                   
1 42730U 98067MK  18027.11870662  .00018477  00000-0  20016-3 0  9994
2 42730  51.6379 353.6566 0003876  69.5851 290.5560 15.63601299 38225
I-INSPIRE II            
1 42731U 98067ML  18026.93194918  .00025132  00000-0  24960-3 0  9995
2 42731  51.6371 353.1347 0006270  23.1392 336.9884 15.65579302 38266
POLYITAN-2-SAU          
1 42732U 98067MM  18027.19572048  .00020263  00000-0  21248-3 0  9995
2 42732  51.6377 352.6569 0006386  21.6057 338.5206 15.64350607 38295
SNUSAT-1B               
1 42733U 98067MN  18027.12007447  .00018398  00000-0  19936-3 0  9992
2 42733  51.6378 353.6567 0006558  22.8233 337.3052 15.63584589 38277
EXALTA-1                
1 42734U 98067MP  18027.19290526  .00026264  00000-0  26020-3 0  9995
2 42734  51.6363 351.8770 0007870  44.2291 315.9333 15.65601381 38252
AOXIANG-1               
1 42735U 98067MQ  18027.20098873  .00015067  00000-0  17304-3 0  9993
2 42735  51.6376 354.1997 0007502  62.0218 298.1534 15.62250567 39645
BEEAGLESAT              
1 42736U 98067MR  18027.16130397  .00018037  00000-0  20031-3 0  9998
2 42736  51.6374 353.9323 0007364  61.2822 298.8911 15.62963010 38337
ATLANTIS                
1 42737U 98067MS  18026.29894462  .00114267  00000-0  60423-3 0  9993
2 42737  51.6290 348.0531 0006728  72.8425 287.3312 15.79715664 38225
LEMUR-2-ANGELA          
1 42752U 17019B   18027.13410623  .00001671  00000-0  71965-4 0  9993
2 42752  51.6416  47.0691 0010921  64.6177 295.5932 15.28545969 35531
LEMUR-2-JENNYBARNA      
1 42753U 17019C   18027.16833433  .00001480  00000-0  64428-4 0  9999
2 42753  51.6419  46.5567 0010818  64.0541 296.1552 15.28961852 35498
LEMUR-2-ROBMOORE        
1 42754U 17019D   18027.21079321  .00000991  00000-0  47963-4 0  9995
2 42754  51.6417  46.8260 0010973  67.0014 293.2122 15.28466559 35529
LEMUR-2-SPIROVISION     
1 42755U 17019E   18027.11745250  .00002881  00000-0  11374-3 0  9992
2 42755  51.6412  46.9561 0010752  66.3534 293.8573 15.28863974 35409
UCLSAT                  
1 42765U 17036A   18026.89087115  .00001199  00000-0  56377-4 0  9999
2 42765  97.4215  88.8994 0011269 204.7302 155.3395 15.21463368 33812
LITUANICASAT-2          
1 42768U 17036D   18027.15621647  .00001920  00000-0  90100-4 0  9990
2 42768  97.4225  88.8630 0015748 194.6193 165.4590 15.20764303 33129
LEMUR-2-SHAINAJOHL      
1 42771U 17036G   18026.68870452  .00001360  00000-0  64987-4 0  9993
2 42771  97.4220  88.4131 0014808 195.4787 164.5997 15.20643735 32994
LEMUR-2-XUENITERENCE    
1 42772U 17036H   18026.94556973  .00001379  00000-0  65774-4 0  9997
2 42772  97.4217  88.6796 0014475 194.0305 166.0530 15.20689793 33031
LEMUR-2-LUCYBRYCE       
1 42773U 17036J   18026.86020563  .00001796  00000-0  84132-4 0  9992
2 42773  97.4223  88.6458 0014348 193.7867 166.2979 15.20921890 33027
LEMUR-2-KUNGFOO         
1 42774U 17036K   18027.13322881  .00001351  00000-0  64363-4 0  9993
2 42774  97.4219  88.8938 0014260 192.9188 167.1685 15.20760914 33053
AALTO-1                 
1 42775U 17036L   18027.14474061  .00000775  00000-0  38579-4 0  9992
2 42775  97.4212  88.8678 0013964 191.8018 168.2892 15.20484642 33062
URSA MAIOR              
1 42776U 17036M   18026.87454368  .00000862  00000-0  42485-4 0  9998
2 42776  97.4216  88.6270 0013817 192.8929 167.1955 15.20548384 33020
COMPASS 2               
1 42777U 17036N   18026.94022719  .00001504  00000-0  70351-4 0  9995
2 42777  97.4232  88.8755 0012748 196.3584 163.7242 15.21236405 33038
LEMUR-2-LYNSEY-SYMO     
1 42779U 17036Q   18026.77305953  .00001762  00000-0  81220-4 0  9995
2 42779  97.4228  88.7718 0012153 203.1832 156.8857 15.21539088 33001
LEMUR-2-LISASAURUS      
1 42780U 17036R   18027.10972145  .00001412  00000-0  65924-4 0  9993
2 42780  97.4219  89.0749 0012038 201.9569 158.1152 15.21404534 33062
LEMUR-2-SAM-AMELIA      
1 42781U 17036S   18026.89879365  .00001693  00000-0  78063-4 0  9998
2 42781  97.4223  88.8988 0011981 202.9859 157.0842 15.21573930 33026
LEMUR-2-MCPEAKE         
1 42782U 17036T   18026.82857970  .00001606  00000-0  74161-4 0  9999
2 42782  97.4226  88.8460 0011849 202.6275 157.4439 15.21602285 33018
DIAMOND RED             
1 42783U 17036U   18027.11985611  .00000946  00000-0  45547-4 0  9999
2 42783  97.4215  89.0552 0011892 203.8728 156.1958 15.21153881 33066
PEGASUS                 
1 42784U 17036V   18026.84592073  .00001265  00000-0  59574-4 0  9995
2 42784  97.4218  88.8140 0011804 205.0948 154.9716 15.21297878 33020
DIAMOND GREEN           
1 42785U 17036W   18027.11901119  .00000947  00000-0  45578-4 0  9997
2 42785  97.4218  89.0627 0011767 204.4450 155.6229 15.21153034 33058
DIAMOND BLUE            
1 42786U 17036X   18026.65753687  .00000999  00000-0  47915-4 0  9995
2 42786  97.4219  88.6091 0011572 206.4519 153.6127 15.21147743 32988
NUDTSAT                 
1 42787U 17036Y   18026.94152348  .00001604  00000-0  73819-4 0  9991
2 42787  97.4220  88.9940 0011427 204.5141 155.5553 15.21714620 32883
SUCHAI                  
1 42788U 17036Z   18026.69362316  .00001348  00000-0  62904-4 0  9990
2 42788  97.4218  88.7098 0011419 205.3995 154.6681 15.21505163 33074
SKCUBE                  
1 42789U 17036AA  18026.69090772  .00001250  00000-0  58579-4 0  9990
2 42789  97.4217  88.7103 0011263 205.4841 154.5841 15.21496028 32995
VZLUSAT-1               
1 42790U 17036AB  18026.86754043  .00001605  00000-0  73844-4 0  9995
2 42790  97.4217  88.9292 0010967 204.9076 155.1632 15.21745637 33025
ROBUSTA-1B              
1 42792U 17036AD  18026.93547560  .00001224  00000-0  57202-4 0  9996
2 42792  97.4213  88.9871 0010814 205.3353 154.7354 15.21631432 33045
CICERO 6                
1 42793U 17036AE  18026.78969808  .00000812  00000-0  39044-4 0  9999
2 42793  97.4210  88.8701 0009861 206.2774 153.7963 15.21607059 33099
D-SAT                   
1 42794U 17036AF  18027.16152341  .00000295  00000-0  31189-4 0  9996
2 42794  97.6131  86.9954 0128039  32.0291 328.8627 14.90769778 32713
TOKI                    
1 42820U 98067MU  18026.32296047  .00018715  00000-0  21438-3 0  9999
2 42820  51.6377 359.5851 0003042  10.9143 349.1917 15.62153302 31646
GHANASAT-1              
1 42821U 98067MV  18026.91634374  .00016237  00000-0  18860-3 0  9996
2 42821  51.6374 356.7981 0003128  15.8609 344.2482 15.61909160 31736
MAZAALAI (NUMSAT-1)     
1 42822U 98067MW  18026.91272037  .00016554  00000-0  19143-3 0  9998
2 42822  51.6377 356.7760 0003169  18.1855 341.9252 15.62006871 31736
BRAC ONNESHA            
1 42823U 98067MX  18026.33837912  .00018540  00000-0  21353-3 0  9997
2 42823  51.6383 359.6990 0006170  25.2978 334.8318 15.62007193 31621
NIGERIAEDUSAT-1         
1 42824U 98067MY  18027.18058034  .00016477  00000-0  19112-3 0  9999
2 42824  51.6388 355.5809 0006071  29.5464 330.5872 15.61921460 31740
LEMUR-2-GREENBERG       
1 42837U 17042N   18027.22014539  .00000616  00000-0  67167-4 0  9996
2 42837  97.6079 294.9287 0012251 311.8978  48.1195 14.91305072 29341
LEMUR-2-ANDIS           
1 42838U 17042P   18027.21739766  .00000682  00000-0  73803-4 0  9999
2 42838  97.6079 294.9316 0012339 311.9215  48.0951 14.91327856 29340
LEMUR-2-MONSON          
1 42839U 17042Q   18026.67246022  .00000430  00000-0  48520-4 0  9996
2 42839  97.6079 294.4230 0012033 313.1379  46.8833 14.91333608 29265
LEMUR-2-FURIAUS         
1 42840U 17042R   18027.19968690  .00000463  00000-0  51689-4 0  9994
2 42840  97.6079 294.9511 0012079 311.6769  48.3416 14.91460210 29332
LEMUR-2-PETERG          
1 42841U 17042S   18026.71277864  .00000436  00000-0  48845-4 0  9998
2 42841  97.6079 294.5227 0011752 311.8258  48.1956 14.91592119 29279
LEMUR-2-DEMBITZ         
1 42842U 17042T   18026.84411404  .00000455  00000-0  50716-4 0  9994
2 42842  97.6076 294.6522 0011758 311.9087  48.1129 14.91612776 29299
LEMUR-2-ZACHARY         
1 42845U 17042W   18026.68269573  .00000729  00000-0  77620-4 0  9994
2 42845  97.6027 294.4301 0012257 317.1943  42.8320 14.91809403 29261
FLOCK 2K-03             
1 42850U 17042AB  18026.95817753  .00001739  00000-0  52536-4 0  9990
2 42850  96.9931 290.6481 0009192 266.1985  93.8209 15.35475709 29958
FLOCK 2K-04             
1 42851U 17042AC  18027.22202505  .00002124  00000-0  63708-4 0  9997
2 42851  96.9933 290.8982 0008987 267.9133  92.1082 15.35482012 29994
FLOCK 2K-01             
1 42852U 17042AD  18026.63395555  .00003140  00000-0  93157-4 0  9990
2 42852  96.9930 290.3371 0008846 268.3202  91.7029 15.35479689 29908
FLOCK 2K-02             
1 42853U 17042AE  18026.68821457  .00001626  00000-0  52453-4 0  9992
2 42853  96.9942 290.1443 0009967 268.8591  91.1511 15.33463840 29899
FLOCK 2K-47             
1 42854U 17042AF  18026.95638838  .00001827  00000-0  55085-4 0  9999
2 42854  96.9930 290.6484 0008652 264.2855  95.7404 15.35481960 29953
FLOCK 2K-48             
1 42855U 17042AG  18026.95511914  .00002053  00000-0  61684-4 0  9999
2 42855  96.9931 290.6570 0008605 264.9506  95.0756 15.35463253 29957
FLOCK 2K-45             
1 42856U 17042AH  18026.95326295  .00002559  00000-0  76295-4 0  9991
2 42856  96.9929 290.6539 0008602 262.9256  97.1011 15.35488136 29951
FLOCK 2K-24             
1 42857U 17042AJ  18026.69880228  .00001480  00000-0  45602-4 0  9994
2 42857  96.9934 290.4002 0009035 261.2117  98.8105 15.35085198 29919
FLOCK 2K-46             
1 42858U 17042AK  18027.21248277  .00002304  00000-0  68914-4 0  9993
2 42858  96.9936 290.9142 0008673 262.5440  97.4819 15.35480505 29998
FLOCK 2K-23             
1 42859U 17042AL  18026.95005491  .00002051  00000-0  61600-4 0  9997
2 42859  96.9934 290.6651 0008725 264.8964  95.1285 15.35478106 29955
FLOCK 2K-21             
1 42860U 17042AM  18026.94859486  .00002597  00000-0  77390-4 0  9997
2 42860  96.9932 290.6655 0008650 263.7630  96.2629 15.35491800 29954
FLOCK 2K-22             
1 42861U 17042AN  18026.70282740  .00002918  00000-0  86649-4 0  9999
2 42861  96.9938 290.4079 0008941 264.2145  95.8081 15.35506785 29911
FLOCK 2K-07             
1 42862U 17042AP  18026.68603739  .00003051  00000-0  90561-4 0  9999
2 42862  96.9936 290.4253 0009021 266.1711  93.8502 15.35482335 29925
FLOCK 2K-08             
1 42863U 17042AQ  18026.68308776  .00002854  00000-0  84824-4 0  9998
2 42863  96.9932 290.4207 0009101 266.7720  93.2483 15.35490387 29913
FLOCK 2K-05             
1 42864U 17042AR  18026.68460526  .00002753  00000-0  81918-4 0  9990
2 42864  96.9934 290.4264 0008992 265.3235  94.6983 15.35484996 29911
FLOCK 2K-40             
1 42865U 17042AS  18027.20276696  .00002637  00000-0  78552-4 0  9994
2 42865  96.9937 290.9263 0009106 264.0684  95.9523 15.35493882 29997
FLOCK 2K-39             
1 42866U 17042AT  18026.67965443  .00002770  00000-0  82404-4 0  9999
2 42866  96.9932 290.4276 0009200 265.3887  94.6307 15.35488674 29917
FLOCK 2K-37             
1 42867U 17042AU  18026.67803903  .00003376  00000-0  99957-4 0  9996
2 42867  96.9933 290.4323 0009209 265.2686  94.7507 15.35486696 29912
FLOCK 2K-38             
1 42868U 17042AV  18026.67479050  .00002229  00000-0  66751-4 0  9991
2 42868  96.9931 290.4350 0009189 264.1744  95.8453 15.35480750 29918
FLOCK 2K-31             
1 42869U 17042AW  18027.19472537  .00007737  00000-0  22645-3 0  9995
2 42869  96.9932 290.9286 0009271 259.6122 100.4078 15.35459369 29990
FLOCK 2K-32             
1 42870U 17042AX  18026.67152275  .00003161  00000-0  93756-4 0  9992
2 42870  96.9930 290.4358 0009177 262.4756  97.5446 15.35485844 29919
FLOCK 2K-29             
1 42871U 17042AY  18027.19136534  .00002181  00000-0  65348-4 0  9998
2 42871  96.9933 290.9370 0009296 259.7132 100.3065 15.35487451 29995
FLOCK 2K-30             
1 42872U 17042AZ  18027.18959997  .00002657  00000-0  79195-4 0  9997
2 42872  96.9935 290.9360 0009336 260.4577  99.5613 15.35464804 29988
FLOCK 2K-44             
1 42873U 17042BA  18026.66667591  .00002552  00000-0  76058-4 0  9995
2 42873  96.9932 290.4464 0010228 249.9691 110.0452 15.35486106 29919
FLOCK 2K-43             
1 42874U 17042BB  18027.20514213  .00001556  00000-0  49384-4 0  9994
2 42874  96.9939 290.7807 0010986 250.7885 109.2171 15.34047728 29984
FLOCK 2K-41             
1 42875U 17042BC  18026.65764673  .00008241  00000-0  23894-3 0  9995
2 42875  96.9933 290.4549 0010522 252.6882 107.3212 15.35724027 29916
FLOCK 2K-36             
1 42876U 17042BD  18027.19110951  .00001387  00000-0  42802-4 0  9995
2 42876  96.9939 290.9433 0010883 250.9491 109.0575 15.35107526 29995
FLOCK 2K-35             
1 42877U 17042BE  18027.18529842  .00006759  00000-0  19811-3 0  9999
2 42877  96.9936 290.9467 0010605 249.6765 110.3340 15.35447050 29995
FLOCK 2K-34             
1 42878U 17042BF  18027.18425045  .00007441  00000-0  21771-3 0  9997
2 42878  96.9936 290.9434 0010648 251.3381 108.6708 15.35470503 29998
FLOCK 2K-33             
1 42879U 17042BG  18026.65972873  .00005088  00000-0  14975-3 0  9998
2 42879  96.9935 290.4525 0010814 252.9572 107.0488 15.35429685 29913
FLOCK 2K-28             
1 42880U 17042BH  18027.20162733  .00001571  00000-0  49817-4 0  9995
2 42880  96.9941 290.7885 0011049 250.7072 109.2977 15.34048457 29983
LEMUR-2-ARTFISCHER      
1 42881U 17042BJ  18026.69703687  .00003546  00000-0  10693-3 0  9990
2 42881  96.9960 290.4759 0011473 255.1919 104.8054 15.34857791 29900
FLOCK 2K-27             
1 42882U 17042BK  18026.65987910  .00001341  00000-0  41278-4 0  9995
2 42882  96.9940 290.4598 0011227 254.0309 105.9699 15.35256862 29919
FLOCK 2K-26             
1 42883U 17042BL  18026.65519054  .00001796  00000-0  54239-4 0  9991
2 42883  96.9934 290.4593 0010948 251.9435 108.0617 15.35439864 29912
FLOCK 2K-25             
1 42884U 17042BM  18027.18274897  .00002553  00000-0  76197-4 0  9993
2 42884  96.9935 290.9423 0010781 251.0895 108.9181 15.35444767 29998
FLOCK 2K-20             
1 42885U 17042BN  18026.71914929  .00002622  00000-0  78115-4 0  9998
2 42885  96.9936 290.5272 0010848 250.9239 109.0831 15.35479258 29922
FLOCK 2K-19             
1 42886U 17042BP  18026.65718235  .00001799  00000-0  54359-4 0  9992
2 42886  96.9939 290.4638 0011078 252.8095 107.1937 15.35412718 29911
FLOCK 2K-18             
1 42887U 17042BQ  18027.16675004  .00001882  00000-0  56677-4 0  9994
2 42887  96.9936 290.9677 0010927 249.0751 110.9324 15.35472686 29996
FLOCK 2K-17             
1 42888U 17042BR  18026.71567635  .00002272  00000-0  67968-4 0  9994
2 42888  96.9930 290.5170 0010842 249.6129 110.3952 15.35476652 29927
FLOCK 2K-16             
1 42889U 17042BS  18026.71708481  .00002575  00000-0  76794-4 0  9994
2 42889  96.9932 290.5289 0010458 249.1551 110.8574 15.35461158 29928
FLOCK 2K-15             
1 42890U 17042BT  18026.90474758  .00002275  00000-0  68057-4 0  9994
2 42890  96.9941 290.7355 0010837 249.8997 110.1082 15.35471846 29953
FLOCK 2K-13             
1 42891U 17042BU  18027.18030967  .00001175  00000-0  36623-4 0  9998
2 42891  96.9937 290.9507 0011543 244.1034 115.9021 15.35070356 29996
FLOCK 2K-14             
1 42892U 17042BV  18026.71230240  .00001875  00000-0  56493-4 0  9997
2 42892  96.9931 290.5233 0010823 248.9239 111.0848 15.35461573 29924
FLOCK 2K-12             
1 42893U 17042BW  18026.90152191  .00001915  00000-0  57618-4 0  9992
2 42893  96.9939 290.7332 0011027 250.7389 109.2663 15.35472205 29950
FLOCK 2K-11             
1 42894U 17042BX  18026.71384325  .00003237  00000-0  95958-4 0  9996
2 42894  96.9934 290.5348 0010841 245.6605 114.3508 15.35469996 29923
FLOCK 2K-10             
1 42895U 17042BY  18026.90302274  .00002599  00000-0  77450-4 0  9998
2 42895  96.9933 290.7184 0011015 248.1506 111.8568 15.35473677 29957
FLOCK 2K-09             
1 42896U 17042BZ  18027.16053620  .00002517  00000-0  75075-4 0  9997
2 42896  96.9939 290.9808 0010991 247.2715 112.7368 15.35472145 30165
FLOCK 2K-06             
1 42897U 17042CA  18027.19771068  .00002784  00000-0  82812-4 0  9997
2 42897  96.9935 290.9306 0009326 261.7127  98.3060 15.35490715 29993
SILU-1 (SILKROAD 1)     
1 42903U 17021F   18027.11386130  .00015240  00000-0  14973-3 0  9999
2 42903  42.7796  98.8492 0009449  20.0111  59.3782 15.65755547 27773
FLOCK 3M-1              
1 42995U 17068J   18027.21522612  .00002359  00000-0  11833-3 0  9998
2 42995  97.3443 143.8485 0016137 281.1045  78.8374 15.18180776 13244
FLOCK 3M-3              
1 42996U 17068K   18026.87671310  .00002769  00000-0  13786-3 0  9994
2 42996  97.3399 143.4880 0015463 283.2577  76.6933 15.18314813 13196
FLOCK 3M-4              
1 42997U 17068L   18026.93596009  .00002472  00000-0  12279-3 0  9990
2 42997  97.3611 143.8124 0015278 284.0322  75.9214 15.18500644 13205
FLOCK 3M-2              
1 42998U 17068M   18027.11846410  .00000811  00000-0  42296-4 0  9994
2 42998  97.3516 143.9059 0013502 278.8753  81.0953 15.18676031 13230
ECAMSAT                 
1 43019U 98067NG  18027.14461219  .00005037  00000-0  79216-4 0  9997
2 43019  51.6407   1.3435 0005397  16.1381 343.9782 15.55535975 96586
ASTERIA                 
1 43020U 98067NH  18027.13161523  .00011608  00000-0  16939-3 0  9996
2 43020  51.6408   1.2605 0002779  21.1160 338.9946 15.56156816 10507
DELLINGR (RBLE)         
1 43021U 98067NJ  18027.14418530  .00006628  00000-0  10167-3 0  9994
2 43021  51.6407   1.3426 0002486  21.4380 338.6715 15.55626245 10509
TECHEDSAT 6             
1 43026U 98067NK  18027.18572911  .00061622  00000-0  68097-3 0  9997
2 43026  51.6382 359.3656 0004117  71.7645 288.3797 15.62436599 10434
OSIRIS-3U               
1 43027U 98067NL  18027.22416242  .00019134  00000-0  26039-3 0  9998
2 43027  51.6402   0.3776 0003422   5.9586 354.1446 15.57581727 10403
LEMUR-2-ROCKETJONAH     
1 43041U 17071E   18026.87805070  .00005358  00000-0  14897-3 0  9993
2 43041  51.6403   9.2409 0001029  47.6134 312.4937 15.38492449 10148
AEROCUBE 7B             
1 43042U 17071F   18026.95979536  .00003209  00000-0  95193-4 0  9994
2 43042  51.6404   9.0314 0005948 111.1958 248.9662 15.37886200  7862
AEROCUBE 7C             
1 43043U 17071G   18027.15449473  .00003267  00000-0  96691-4 0  9998
2 43043  51.6405   8.0819 0005930 111.8594 248.3021 15.37895089  7865
CHEFSAT                 
1 43044U 17071H   18026.95568163  .00006146  00000-0  17136-3 0  9999
2 43044  51.6400   9.0059 0005828 107.7540 252.4080 15.38124794  7836
LEMUR-2-YONGLIN         
1 43045U 17071J   18026.87907292  .00005760  00000-0  15947-3 0  9990
2 43045  51.6402   9.2467 0005149  97.8341 262.3228 15.38479123  7875
LEMUR-2-KEVIN           
1 43046U 17071K   18026.87765625  .00005551  00000-0  15391-3 0  9994
2 43046  51.6413   9.2425 0004920  96.0357 264.1188 15.38507064  7877
LEMUR-2-BRIANDAVIE      
1 43047U 17071L   18026.95560093  .00005970  00000-0  16675-3 0  9997
2 43047  51.6402   9.0066 0003710 132.7157 227.4140 15.38128337  7879
LEMUR-2-ROMACOSTE       
1 43048U 17071M   18026.95619682  .00005757  00000-0  16136-3 0  9992
2 43048  51.6404   9.0118 0003658 133.0038 227.1253 15.38094583  7870
2017-071N               
1 43049U 17071N   18026.88886172  .00003282  00000-0  96586-4 0  9994
2 43049  51.6406   9.3097 0003188 124.1143 236.0144 15.38057080  7822
2017-071P               
1 43050U 17071P   18026.88701105  .00005502  00000-0  15426-3 0  9998
2 43050  51.6403   9.2996 0003190 119.5170 240.6132 15.38175209  7821
LEMUR-2-MCCULLAGH       
1 43051U 17071Q   18026.56452851  .00006055  00000-0  16882-3 0  9996
2 43051  51.6403  10.8955 0000484 260.4131  99.6798 15.38153303  7765
2017-071R               
1 43052U 17071R   18026.88689135  .00003857  00000-0  11141-3 0  9999
2 43052  51.6405   9.2988 0003141 120.5454 239.5841 15.38129740  7811
LEMUR-2-DUNLOP          
1 43053U 17071S   18026.95557714  .00005448  00000-0  15327-3 0  9993
2 43053  51.6402   9.0062 0000566 260.4996  99.5924 15.38082207  7837
LEMUR-2-LIU-POU-CHUN    
1 43054U 17071T   18027.20404404  .00005327  00000-0  14840-3 0  9995
2 43054  51.6405   7.6675 0000961  49.0046 311.1021 15.38441391  7879
FLOCK 3P'-3             
1 43119U 18004J   18026.93233540  .00000567  00000-0  27993-4 0  9999
2 43119  97.5540  89.1162 0009623 222.1122 137.9375 15.21992933  2224
FLOCK 3P'-2             
1 43120U 18004K   18026.93229675  .00000735  00000-0  35334-4 0  9990
2 43120  97.5536  89.1157 0009503 221.8373 138.2137 15.21998978  2221
FLOCK 3P'-1             
1 43121U 18004L   18026.73497973  .00000885  00000-0  41899-4 0  9996
2 43121  97.5539  88.9180 0009497 222.8287 137.2210 15.22008444  2126
FLOCK 3P'-4             
1 43122U 18004M   18026.60310659  .00000685  00000-0  33112-4 0  9995
2 43122  97.5540  88.7867 0009423 224.1711 135.8773 15.22046596  2178
