LES-1
1 01002U 65008C   18047.45471422  .00000006  00000-0 -26532-3 0  9999
2 01002  32.1465  52.8363 0015396  75.4038 284.8166  9.88352644915441
PROSPERO
1 05580U 71093A   18048.52557891  .00000116  00000-0  23310-4 0  9992
2 05580  82.0393  57.4104 0528633 236.7672 118.1772 13.94302105325146
AO-07
1  7530U 74089B   18047.91289545 -.00000044 +00000-0 +24370-5 0  9996
2  7530 101.6711 017.1165 0011883 207.0551 218.3135 12.53631096979291
AO-10
1 14129U 83058B   18047.97125902 -.00000169 +00000-0 +00000-0 0  9993
2 14129 027.1319 355.2331 6026502 010.6513 193.6645 02.05871429232864
UO-11
1 14781U 84021B   18047.89926578 +.00000085 +00000-0 +16632-4 0  9995
2 14781 097.6657 089.1411 0009878 114.2347 245.9900 14.82980656805619
LO-19
1 20442U 90005G   18048.38625039 -.00000010  00000-0  12546-4 0  9997
2 20442  98.6003 347.6850 0012427 139.6015 220.6094 14.32886744466730
HUBBLE
1 20580U 90037B   18047.81928258 +.00000473 +00000-0 +18031-4 0  9998
2 20580 028.4686 190.7731 0002546 287.6655 193.4078 15.08979806327181
AO-27
1 22825U 93061C   18048.50480948 -.00000007  00000-0  14997-4 0  9999
2 22825  98.8483  22.5446 0008075 343.1072  16.9839 14.30021960272467
IO-26
1 22826U 93061D   18048.47935770 -.00000004  00000-0  16160-4 0  9995
2 22826  98.8425  22.5714 0008434 332.1163  27.9566 14.30352827272648
POSAT-1
1 22829U 93061G   18047.93763861 -.00000005 +00000-0 +15621-4 0  9990
2 22829 098.8358 023.6450 0008722 287.9174 133.2921 14.30994177272864
RS-15
1 23439U 94085A   18047.81126696 -.00000056  00000-0 -38729-3 0  9991
2 23439  64.8156 183.5161 0161261 203.4756 273.1247 11.27566564953154
FO-29
1 24278U 96046B   18047.92232521 -.00000000 +00000-0 +33117-4 0  9994
2 24278 098.5286 263.1693 0351253 063.0206 300.6349 13.53081392061725
NOAA-15
1 25338U 98030A   18047.91420596 +.00000004 +00000-0 +20619-4 0  9993
2 25338 098.7761 064.2248 0010003 211.7338 148.3240 14.25838974027626
GO-32
1 25397U 98043D   18048.41137567 -.00000011  00000-0  14120-4 0  9990
2 25397  98.6387 350.9080 0001866  44.7392 315.3937 14.23639750 18688
ISS
1 25544U 98067A   18047.86152778 +.00001107 +00000-0 +23991-4 0  9991
2 25544 051.6418 258.5630 0003559 107.1173 077.0669 15.54099331099809
IMAGE
1 26113U 00017A   18046.17434879 +.00000331 +00000-0 -23316-1 0  9997
2 26113 093.9641 260.2073 7359710 276.6633 012.3264 01.68648123110180
AO-40
1 26609U 00072B   18045.90083970 -.00000201 +00000-0 +00000-0 0  9990
2 26609 006.3707 175.8110 7932890 212.2972 053.9505 01.25586533079274
NO-44
1 26931U 01043C   18048.51816034 -.00000044  00000-0  14902-4 0  9997
2 26931  67.0511 178.1908 0005808 281.7169  78.3281 14.30494106855438
SO-50
1 27607U 02058C   18048.10601947  .00000013  00000-0  22551-4 0  9999
2 27607  64.5550  97.0705 0050868 357.2288   2.8524 14.75420073815243
CO-55
1 27844U 03031E   18047.99795203  .00000048  00000-0  41304-4 0  9994
2 27844  98.6890  58.4150 0009798   5.9632 354.1661 14.22094738759117
CO-57
1 27848U 03031J   18048.48695182  .00000030  00000-0  33631-4 0  9993
2 27848  98.6979  59.2532 0009869  14.5870 345.5590 14.21701345759057
RS-22
1 27939U 03042A   18048.51651719  .00000109  00000-0  28005-4 0  9994
2 27939  97.9700 190.8811 0013436 162.7517 272.4622 14.66657796769271
VO-52
1 28650U 05017B   18047.87030902  .00000293  00000-0  36896-4 0  9993
2 28650  97.6842  19.3886 0024533  43.4584 316.8562 14.88865354692571
NOAA-18
1 28654U 05018A   18047.95841708 +.00000010 +00000-0 +30435-4 0  9991
2 28654 099.1603 080.8764 0015295 104.8924 255.3941 14.12366863656712
CO-58
1 28895U 05043F   18047.94709979 +.00000120 +00000-0 +31743-4 0  9993
2 28895 097.8901 204.3967 0018185 090.1300 270.1987 14.63509023656054
CO-65
1 32785U 08021C   18047.81988139 +.00000224 +00000-0 +29961-4 0  9992
2 32785 097.5528 065.7126 0014626 079.2644 281.0219 14.88061860531207
FALCONSAT-3
1 30776U 07006E   18047.88782377 +.00002903 +00000-0 +87877-4 0  9991
2 30776 035.4366 312.2519 0002920 359.5259 000.5464 15.33918856605836
AAUSAT2
1 32788U 08021F   18047.88947771 +.00000795 +00000-0 +79172-4 0  9991
2 32788 097.5344 079.3351 0012669 038.3100 321.9019 14.94220648532116
DO-64
1 32789U 08021G   18047.71093457 +.00001599 +00000-0 +11452-3 0  9996
2 32789 097.5282 105.4976 0012107 355.4661 004.6454 15.05747463533553
CO-66
1 32791U 08021J   18047.63388300  .00000259  00000-0  31954-4 0  9996
2 32791  97.5448  70.6059 0014767  63.4508 296.8222 14.90467726531555
RS-30
1 32953U 08025A   18048.51999588  .00000035  00000-0  18026-3 0  9990
2 32953  82.4998  87.1067 0020368 110.4126 249.9143 12.43081730441906
PRISM
1 33493U 09002B   18048.52150459  .00000528  00000-0  52589-4 0  9993
2 33493  98.1435 305.9485 0015530 357.9883   2.1273 14.96072680492457
STARS
1 33498U 09002G   18047.96898396 +.00000216 +00000-0 +37084-4 0  9991
2 33498 098.3302 235.4060 0009874 289.1396 195.5227 14.78748631487649
KKS-1
1 33499U 09002H   18047.86136085  .00000101  00000-0  22942-4 0  9991
2 33499  98.3487 225.7514 0008364 321.7656  38.2957 14.75294541487438
NOAA-19
1 33591U 09005A   18047.91266390 +.00000084 +00000-0 +70889-4 0  9999
2 33591 099.1280 023.6417 0013241 307.4615 052.5351 14.12254526464931
SWISSCUBE
1 35932U 09051B   18048.39179584  .00000133  00000-0  41183-4 0  9992
2 35932  98.5258 196.7992 0007180 210.1675 149.9109 14.56121207446008
BEESAT
1 35933U 09051C   18048.35901263  .00000117  00000-0  37442-4 0  9991
2 35933  98.5298 198.2356 0005140 222.3537 137.7264 14.56229415446108
ITUPSAT-1
1 35935U 09051E   18048.41500152  .00000070  00000-0  27181-4 0  9999
2 35935  98.5409 198.5470 0007515 219.2429 140.8223 14.55410842445909
HO-68
1 36122U 09072B   18048.53264275 -.00000019  00000-0  59604-4 0  9996
2 36122 100.0835  68.7291 0007826  33.4926 326.6682 13.16343517392906
TISAT-1
1 36799U 10035E   18048.10342116  .00000535  00000-0  60546-4 0  9990
2 36799  98.0873 181.2847 0011298 239.1602 120.8504 14.90694682412260
OOREOS
1 37224U 10062C   18047.43363884 +.00000120 +00000-0 +22474-4 0 02029
2 37224 071.9705 039.0347 0016423 042.4485 317.7946 14.82068191035924
TIANGONG-1
1 37820U 11053A   18048.51625135  .00118473  14564-4  16723-3 0  9999
2 37820  42.7512 114.6050 0017216  47.5600  84.9727 16.04794131367008
SRMSAT
1 37841U 11058D   18047.48301596  .00000298  00000-0  18563-4 0  9990
2 37841  19.9724  95.8831 0011652 244.5120 243.4776 14.10598244327816
RAX-2
1 37853U 11061D   18047.90306658 +.00001195 +00000-0 +73835-4 0  9998
2 37853 101.7210 042.9671 0173784 087.5778 274.5315 15.02251235342890
AUBIESAT-1
1 37854U 11061E   18048.50352531  .00001605  00000-0  91472-4 0  9990
2 37854 101.7125  52.1499 0164754  68.3234 293.5432 15.05084217343820
E1P_M-CUBED
1 37855U 11061F   18048.48239382  .00001872  00000-0  10347-3 0  9993
2 37855 101.7251  49.7541 0177684  76.3995 285.6937 15.04055648343658
HORYU-2
1 38340U 12025D   18047.90994643 +.00000190 +00000-0 +36031-4 0  9999
2 38340 098.3739 065.4535 0010637 229.8329 130.1948 14.75499192298960
RS-40
1 38735U 12041C   18047.90192804 +.00000021 +00000-0 +83675-4 0  9993
2 38735 082.4787 171.6127 0016841 212.7983 147.2052 12.42576726252069
AENEAS
1 38760U 12048C   18047.26196939 +.00001594 +00000-0 +11071-3 0 02214
2 38760 064.6626 311.2581 0118518 021.8179 338.7930 15.04174754036470
METOP-B
1 38771U 12049A   18047.94199280 +.00000014 +00000-0 +26127-4 0  9991
2 38771 098.6894 109.3673 0000199 195.5288 287.2575 14.21495404281054
AAUSAT3
1 39087U 13009B   18048.36394060  .00000104  00000-0  51448-4 0  9993
2 39087  98.5310 256.2162 0011287 296.1026  63.9001 14.35590920260694
STRAND-1
1 39090U 13009E   18048.53064659  .00000030  00000-0  25810-4 0  9996
2 39090  98.5323 256.3868 0008213 296.0630  63.9709 14.35011295260666
RS-43
1 39133U 13015D   18048.26859035  .00000114  00000-0  20655-4 0  9996
2 39133  64.8718 230.9076 0032419 241.1371 118.6494 15.04486975265173
SOMP
1 39134U 13015E   18047.78361848  .00001448  00000-0  78422-4 0  9999
2 39134  64.8638 156.2911 0024720 227.0106 132.8949 15.18809966266615
BEESAT-3
1 39135U 13015F   18047.94034806  .00001403  00000-0  81313-4 0  9993
2 39135  64.8697 167.6019 0030092 248.2415 111.5507 15.16393966266411
BEESAT-2
1 39136U 13015G   18048.52803461  .00001497  00000-0  87293-4 0  9996
2 39136  64.8696 168.1753 0030071 248.9718 110.8190 15.15873082266457
TURKSAT-3U
1 39152U 13018C   18047.82022033 +.00000202 +00000-0 +33360-4 0  9996
2 39152 097.9345 137.5238 0016087 333.5569 026.4820 14.80448063259763
CUBEBUG-1
1 39153U 13018D   18048.19826546  .00000215  00000-0  35108-4 0  9995
2 39153  97.9789 144.1670 0016360 339.3451  20.7097 14.80340137259832
ESTCUBE-1
1 39161U 13021C   18048.46202405  .00000135  00000-0  29446-4 0  9999
2 39161  98.0134 136.1268 0011112  82.3787 277.8688 14.72021137256833
CUSAT
1 39266U 13055B   18047.86780010 +.00004672 +00000-0 +13104-3 0  9991
2 39266 080.9866 113.1734 0652560 233.0175 120.9572 14.31313151226975
DANDE
1 39267U 13055C   18047.92505836 +.00001783 +00000-0 +53426-4 0  9992
2 39267 081.0132 136.0857 0706038 287.2837 065.2306 14.18557134223373
ESHAIL-1
1 39233U 13044A   18047.52239255 +.00000136 +00000-0 +00000-0 0  9995
2 39233 000.0505 019.4263 0001900 325.4759 015.0683 01.00273308016130
ZACUBE-1
1 39417U 13066B   18047.63891497 +.00000208 +00000-0 +32758-4 0  9996
2 39417 097.6014 082.6294 0059041 188.5892 171.4316 14.80875387228954
UNISAT-5
1 39421U 13066F   18048.38624828  .00000213  00000-0  29085-4 0  9991
2 39421  97.6102 100.9826 0032089 145.2559 215.0762 14.87512692230109
TRITON-1
1 39427U 13066M   18047.89805139  .00000140  00000-0  30732-4 0  9998
2 39427  97.6378  51.8277 0112739 284.9830  73.8919 14.67611167226933
DELFI-N3XT
1 39428U 13066N   18048.47248208  .00000383  00000-0  69762-4 0  9996
2 39428  97.6486  50.0542 0119988 292.7022  66.1536 14.67017267226811
GOMX-1
1 39430U 13066Q   18048.49658148  .00000274  00000-0  58839-4 0  9991
2 39430  97.6856  34.0779 0151462 348.9563  10.8325 14.59024273225701
HUMSAT-D
1 39433U 13066T   18048.37951921  .00000633  00000-0  67655-4 0  9991
2 39433  97.6207 108.8578 0032396 120.4677 239.9748 14.91748651230566
EAGLE-2
1 39436U 13066W   18047.88653149 +.00088923 +00000-0 +11236-2 0  9990
2 39436 097.7121 174.3853 0006342 271.0691 088.9838 15.59226815233316
VELOX-P2
1 39438U 13066Y   18048.07162063  .00000156  00000-0  27875-4 0  9994
2 39438  97.6037  75.5654 0070211 208.9041 150.8275 14.77672889228546
FIRSTMOVE
1 39439U 13066Z   18047.62900329 +.00000402 +00000-0 +56048-4 0  9998
2 39439 097.6073 081.5706 0065803 190.7498 169.2314 14.81372982227731
CUBEBUG-2
1 39440U 13066AA  18047.64494907  .00000167  00000-0  30543-4 0  9992
2 39440  97.6093  69.9972 0079570 226.2399 133.2209 14.75612220228146
AO-73
1 39444U 13066AE  18047.63005536 +.00000244 +00000-0 +36553-4 0  9994
2 39444 097.6026 083.9926 0058331 184.4435 175.6269 14.81640144227215
UWE-3
1 39446U 13066AG  18047.73878630 +.00000196 +00000-0 +32855-4 0  9997
2 39446 097.6040 076.0460 0069676 207.4744 152.2778 14.78145115226738
FIREBIRD-A
1 39463U 13072B   18047.40174575 +.00000868 +00000-0 +94085-4 0 02143
2 39463 120.4944 351.9988 0270900 102.2997 260.8597 14.77359240035807
FIREBIRD-B
1 39464U 13072C   18047.56951851 -.00000126 +00000-0 +19422-4 0 02174
2 39464 120.4943 353.3679 0270314 102.5128 260.6235 14.77507812035760
MCUBED-2
1 39469U 13072H   18047.56084946 +.00000362 +00000-0 +56490-4 0 02134
2 39469 120.4937 353.4155 0267271 101.3856 261.7220 14.77576933035778
IPEX
1 39471U 13072K   18047.51916494 +.00000570 +00000-0 +74348-4 0 02126
2 39471 120.4915 339.7694 0276058 097.7049 265.5346 14.75127816035712
RS-41
1 39492U 13078C   18048.15641395  .00000193  00000-0  18524-4 0  9998
2 39492  82.4208 308.3619 0018811 306.7297  53.2192 14.87688859224639
RS-46
1 39497U 13076E   18047.89746667 +.00000024 +00000-0 +10000-3 0  9992
2 39497 082.4841 265.2302 0016571 254.3745 105.5501 12.42675271187955
RS-47
1 39765U 14028E   18047.79916247 +.00000012 +00000-0 +97661-5 0  9997
2 39765 082.4429 146.6455 0228700 304.6633 053.3102 12.83340959175119
SPROUT
1 39770U 14029E   18048.52826401  .00000617  00000-0  75602-4 0  9999
2 39770  97.8731 150.6297 0007615 237.2819 122.7678 14.86668272202584
UNISAT-6
1 40012U 14033C   18048.17885678  .00000151  00000-0  30293-4 0  9997
2 40012  97.8262 288.7710 0057448 224.9462 134.7089 14.73764311197021
BUGSAT-1
1 40014U 14033E   18048.49810544  .00000479  00000-0  49140-4 0  9998
2 40014  97.9702 341.9033 0030352 230.8498 129.0026 14.94976028199857
AURORA
1 40017U 14033H   18048.38145379  .00000103  00000-0  15658-4 0  9997
2 40017  97.9529 336.2739 0022305 234.9448 124.9679 14.93016399199567
PACE
1 40022U 14033N   18048.48954055  .00000254  00000-0  33512-4 0  9999
2 40022  97.9105 324.0903 0012460 216.7241 143.3123 14.88390623198951
DUCHIFAT-1
1 40021U 14033M   18047.73692337  .00000377  00000-0  44751-4 0  9990
2 40021  97.9179 326.2400 0012100 210.7163 149.3347 14.90197635199018
NCBR1
1 40024U 14033Q   18048.18925480  .00000385  00000-0  46375-4 0  9994
2 40024  97.9123 325.1662 0011413 210.8254 149.2294 14.89476949199012
QB50P1
1 40025U 14033R   18047.76555584  .00000304  00000-0  38602-4 0  9997
2 40025  97.9091 323.3948 0011548 216.4556 143.5875 14.88636234198879
POPSATHIP-1
1 40028U 14033U   18048.55876492  .00000279  00000-0  36070-4 0  9990
2 40028  97.9119 324.5369 0012727 212.8999 147.1413 14.88496775198977
DTUSAT-2
1 40030U 14033W   18048.30416941  .00000302  00000-0  38762-4 0  9992
2 40030  97.9045 322.7766 0011130 208.6733 151.3873 14.88250003198907
QB50P2
1 40032U 14033Y   18047.81910395  .00000272  00000-0  35519-4 0  9994
2 40032  97.9052 322.2969 0011031 210.8588 149.1981 14.88185521198828
ANTELSAT
1 40034U 14033AA  18047.90559838 +.00000191 +00000-0 +36158-4 0  9997
2 40034 097.8289 288.8131 0057851 224.5975 135.0572 14.73862271196434
PERSEUS-M2
1 40037U 14033AD  18048.31905766  .00000110  00000-0  18794-4 0  9998
2 40037  97.9052 320.6955 0013472 218.2821 141.7439 14.86323245198723
PERSEUS-M1
1 40039U 14033AF  18048.31356890  .00000099  00000-0  17616-4 0  9996
2 40039  97.9054 320.1229 0013376 214.5261 145.5086 14.85945436198671
POLYITAN
1 40042U 14033AJ  18048.33391758  .00000358  00000-0  44780-4 0  9994
2 40042  97.9165 324.0382 0013975 203.3388 156.7195 14.88306230198886
TIGRISAT
1 40043U 14033AK  18047.89048034  .00000132  00000-0  27162-4 0  9996
2 40043  97.8267 289.4730 0059038 225.6239 134.0127 14.74096053196888
AISAT
1 40054U 14034B   18048.21083966  .00000413  00000-0  65639-4 0  9992
2 40054  98.1932 156.6221 0012224 345.3900  14.6954 14.77369031195897
CANX-4
1 40055U 14034C   18048.18965554  .00000083  00000-0  20375-4 0  9992
2 40055  98.1865 152.9108 0014234   5.0436 355.0913 14.74694200195661
CANX-5
1 40056U 14034D   18047.85196109 +.00000090 +00000-0 +21408-4 0  9994
2 40056 098.1865 152.5655 0014281 006.3487 353.7900 14.74691820195607
VELOX-1
1 40057U 14034E   18048.15980658  .00000256  00000-0  43586-4 0  9994
2 40057  98.1935 157.2207 0010874   1.6158 358.5086 14.77343337195921
METEOR-M2
1 40069U 14037A   18048.40098603 -.00000038  00000-0  24988-5 0  9993
2 40069  98.6201 102.5892 0004639 215.6138 144.4732 14.20649358187375
DX-1
1 40071U 14037C   18048.50720669  .00000090  00000-0  18989-4 0  9991
2 40071  98.3564 174.6671 0008394 355.7579   4.3562 14.81121968195282
UKUBE-1
1 40074U 14037F   18048.31628540  .00000195  00000-0  30708-4 0  9997
2 40074  98.3684 179.6602 0004416   1.3698 358.7539 14.83717856195520
HODOYOSHI-1
1 40299U 14070B   18048.46543002  .00000596  00000-0  28535-4 0  9998
2 40299  97.3852 132.3299 0012069 318.8718 101.6940 15.22730114182269
CHUBUSAT-1
1 40300U 14070C   18048.31893353  .00000649  00000-0  31919-4 0  9991
2 40300  97.3748 128.5370 0019278 327.8013  72.2648 15.21385004182058
TSUBAME
1 40302U 14070E   18048.50914536  .00000778  00000-0  42115-4 0  9994
2 40302  97.3490 118.5387 0039064 351.1979  65.4886 15.16916801181536
FIREBIRD-3
1 40377U 15003B   18048.53414628  .00002714  00000-0  11558-3 0  9991
2 40377  99.1015 286.5089 0131515 268.4938  90.1222 15.16716611168187
FIREBIRD-4
1 40378U 15003C   18048.52380292  .00002616  00000-0  11149-3 0  9997
2 40378  99.1017 286.5483 0131738 268.4243  90.1891 15.16728250168188
GRIFEX
1 40379U 15003D   18048.53324860  .00001706  00000-0  79204-4 0  9994
2 40379  99.1060 283.2692 0138428 279.3490  79.2107 15.13963600167994
EXOCUBE
1 40380U 15003E   18048.18239512  .00001213  00000-0  60018-4 0  9992
2 40380  99.1110 281.0317 0142696 286.6032  71.9565 15.12239570167816
PSAT
1 40654U 15025D   18047.41664635 +.00010944 +00000-0 +18341-3 0 02213
2 40654 054.9911 221.0391 0166743 161.6481 199.0741 15.38415895037248
BRICSAT-P
1 40655U 15025E   18047.34347724 +.00024463 +00000-0 +29104-3 0 02550
2 40655 054.9768 177.2993 0121449 186.9755 172.9651 15.52522252037485
DEORBITSAIL
1 40719U 15032E   18047.95339457 +.00000406 +00000-0 +65810-4 0  9991
2 40719 097.9586 303.3395 0017837 075.9022 284.4169 14.76331186140430
NUDT
1 40900U 15049B   18048.26941561  .00001763  00000-0  82948-4 0  9999
2 40900  97.4430  57.9392 0015346  89.3824  34.8796 15.20783882133682
XW-2A
1 40903U 15049E   18048.50875794  .00001981  00000-0  51592-4 0  9996
2 40903  97.3987  82.1124 0016133 100.9954 259.3108 15.40006788135388
XW-2C
1 40906U 15049H   18048.51494047  .00000725  00000-0  42220-4 0  9991
2 40906  97.4592  54.2202 0016782  85.4170 274.8978 15.15016706133375
XW-2D
1 40907U 15049J   18048.47881870  .00000772  00000-0  44547-4 0  9997
2 40907  97.4564  53.8976 0016144  83.6580 276.6490 15.15154642133376
LILACSAT-2
1 40908U 15049K   18047.94714001 +.00000414 +00000-0 +26728-4 0  9994
2 40908 097.4671 052.8861 0017750 085.7937 274.5322 15.13406754133183
XW-2E
1 40909U 15049L   18048.26819529  .00001032  00000-0  55912-4 0  9996
2 40909  97.4559  55.3781 0015698  84.3653  37.4121 15.16739883133433
XW-2F
1 40910U 15049M   18047.99033648  .00001149  00000-0  62639-4 0  9990
2 40910  97.4572  54.5175 0016879  81.8908 278.4239 15.16260423133240
XW-2B
1 40911U 15049N   18047.96372647  .00000735  00000-0  42670-4 0  9996
2 40911  97.4601  53.8828 0016055  85.7394 274.5672 15.15102833133190
DCBB
1 40912U 15049P   18048.43620069  .00000921  00000-0  47863-4 0  9990
2 40912  97.4507  57.4765 0017386  69.6297  62.9132 15.18444192133490
TW-1C
1 40926U 15051B   18048.42272058  .00006327  00000-0  12668-3 0  9998
2 40926  97.1995  91.3865 0010288   7.4061  51.1852 15.47052638134788
TW-1B
1 40927U 15051C   18048.37425926  .00006291  00000-0  13114-3 0  9994
2 40927  97.2089  91.2359 0010811  18.5873 174.2420 15.45869707134696
TW-1A
1 40928U 15051D   18047.87166479 +.00002588 +00000-0 +71292-4 0  9991
2 40928 097.2004 084.1974 0013632 042.5576 058.8814 15.37963549134288
LAPAN-A2
1 40931U 15052B   18047.15305551 +.00000701 +00000-0 +86034-5 0  9999
2 40931 005.9984 293.1634 0013026 093.9737 266.1977 14.76565028129084
LQSAT
1 40958U 15057A   18048.47540893  .00000030  00000-0  12373-4 0  9998
2 40958  97.9531 124.1849 0018436   5.8473 354.2946 14.73015897127222
FOX-1A
1 40967U 15058D   18047.43499136 -.00000005 +00000-0 +18448-4 0 02419
2 40967 064.7743 197.8097 0194178 351.8869 007.9105 14.75638155035836
BISONSAT
1 40968U 15058E   18047.37435321 +.00000096 +00000-0 +28899-4 0 02374
2 40968 064.7746 195.6544 0192040 351.6606 008.1318 14.76491109035854
ATHENOXAT-1
1 41168U 15077C   18048.53862891  .00002375  00000-0  94419-4 0  9991
2 41168  14.9861 175.8209 0012067 178.8534 262.4251 15.12458019120231
GALASSIA
1 41170U 15077E   18048.50210858  .00002180  00000-0  82381-4 0  9990
2 41170  14.9878 171.1819 0013183 199.4331 160.5487 15.12868147120272
AGGIESAT4
1 41313U 98067HP  18047.81817683  .00212977  31896-4  28807-3 0  9991
2 41313  51.6297 166.3699 0005570 342.0886  17.9930 16.05910453117723
CHUBUSAT-2
1 41338U 16012B   18047.26543498 +.00000400 +00000-0 +24573-4 0  9999
2 41338 031.0045 001.8858 0013851 315.4735 044.4787 14.99919500109663
CHUBUSAT-3
1 41339U 16012C   18048.22602470  .00000310  00000-0  17464-4 0  9994
2 41339  31.0111 354.5495 0013589 331.9027  28.0856 15.00111295109795
HORYU-4
1 41340U 16012D   18048.14955081  .00000583  00000-0  37953-4 0  9993
2 41340  31.0064 350.7288 0014016 342.4170  17.5979 15.00885323109849
OUFTI-1
1 41458U 16025C   18048.38759901  .00000512  00000-0  31341-4 0  9993
2 41458  98.1506 104.7727 0171197 188.7299 171.0933 15.04239076 99426
ESTAR-2
1 41459U 16025D   18047.77554031  .00001329  00000-0  73982-4 0  9997
2 41459  98.1500 104.0104 0171941 191.5549 168.1713 15.04000322 99322
AAUSAT4
1 41460U 16025E   18048.39449520  .00001130  00000-0  63045-4 0  9993
2 41460  98.1465 104.9924 0164004 186.0222 173.9033 15.05285695 99465
RS-48
1 41465U 16026B   18048.50802196  .00001299  00000-0  43945-4 0  9997
2 41465  97.2345 310.9027 0013682  67.4725  36.5691 15.32310105101019
SAMSAT-218
1 41466U 16026C   18048.24391498  .00003889  00000-0  10756-3 0  9997
2 41466  97.2362 313.3985 0011176  65.3404  59.8756 15.37551402101153
NUSAT-1
1 41557U 16033B   18047.81468817  .00001494  00000-0  57362-4 0  9993
2 41557  97.4437 132.2347 0012917 217.9056 142.1275 15.27994432 95776
NUSAT-2
1 41558U 16033C   18048.20220512  .00001501  00000-0  57927-4 0  9992
2 41558  97.4464 132.7023 0012425 214.8802 145.1624 15.27827326 95826
SATHYABAMASAT
1 41600U 16040B   18047.74743768 +.00001593 +00000-0 +72921-4 0  9991
2 41600 097.4322 112.5674 0013027 304.8606 055.1405 15.21911080091868
LAPAN-A3
1 41603U 16040E   18048.44064815  .00000267  00000-0  15771-4 0  9998
2 41603  97.4284 112.0368 0012216 304.4328 240.9433 15.19511744 91897
BIROS
1 41604U 16040F   18047.78774378  .00000475  00000-0  24383-4 0  9997
2 41604  97.4298 112.4112 0011023 295.4339  64.5755 15.21223270 91861
SWAYAM
1 41607U 16040J   18047.67959441 +.00001492 +00000-0 +68641-4 0  9999
2 41607 097.4291 112.2778 0012496 304.7651 055.2408 15.21831532091777
BEESAT-4
1 41619U 16040W   18048.14511865  .00001473  00000-0  68009-4 0  9996
2 41619  97.4309 112.8845 0010192 294.2722  65.7449 15.21745797 79835
3CAT2
1 41732U 16051B   18048.40788294  .00001023  00000-0  42822-4 0  9991
2 41732  97.3780 326.8675 0015128 123.1943 329.9447 15.25726484 83913
PRATHAM
1 41783U 16059A   18048.16812301  .00000059  00000-0  20764-4 0  9994
2 41783  98.1342 111.5718 0034879 111.8634 248.6283 14.62900575 74419
CANX-7
1 41788U 16059F   18048.41211793  .00006053  00000-0  10566-2 0  9992
2 41788  98.1978 114.5102 0034795 120.5105 239.9538 14.67920560 74525
ALSAT-1N
1 41789U 16059G   18048.15785572  .00000070  00000-0  22455-4 0  9990
2 41789  98.1347 112.5427 0029846 104.3027 256.1495 14.64127005 74453
TY-1
1 41844U 16066D   18048.51230745  .00001082  00000-0  49009-4 0  9995
2 41844  97.4061  57.0926 0017649  95.5300  55.5390 15.22873261 70661
CZ-11
1 41845U 16066E   18048.50384300  .00001490  00000-0  21623-3 0  9996
2 41845  98.7576  80.8698 0319227 221.5587 136.0944 14.48657559 66743
PEGASUS-1
1 41846U 16066F   18047.89347047 +.00000187 +00000-0 +39946-4 0  9995
2 41846 098.7661 073.8156 0367668 243.8135 112.4813 14.37258776066624
STARS-C
1 41895U 98067KR  18048.51136847  .00490200  11867-3  82343-3 0  9997
2 41895  51.6273 213.4195 0005556 286.1328  73.9071 16.02199741 66637
ITF-2
1 41932U 98067KU  18048.52782925  .00025957  00000-0  22178-3 0  9991
2 41932  51.6361 234.1533 0004199 113.6106 246.5333 15.69296523 61938
WASEDA-SAT3
1 41933U 98067KV  18047.76557955 +.00031292 +00000-0 +23657-3 0  9992
2 41933 051.6329 234.9794 0003747 118.9880 241.1494 15.72132263061859
AOBA-VELOX3
1 41935U 98067KX  18047.73691120 +.00028378 +00000-0 +22492-3 0  9991
2 41935 051.6349 236.3437 0003509 117.1193 243.0163 15.71061276061934
PEASSS
1 42015U 17008BV  18047.87604576 +.00001237 +00000-0 +54499-4 0  9999
2 42015 097.4633 113.4627 0008278 084.7650 275.4531 15.23680537055596
NAYIF-1
1 42017U 17008BX  18047.89412692 +.00001573 +00000-0 +67830-4 0  9995
2 42017 097.4637 113.6042 0008131 085.3548 274.8618 15.24036600055749
HAVELSAT
1 42700U 98067LH  18048.52832788  .00021652  00000-0  21962-3 0  9996
2 42700  51.6356 243.8927 0005219 160.7793 199.3400 15.65152536 43244
SOMP-2
1 42701U 98067LJ  18048.52308452  .00020974  00000-0  21794-3 0  9992
2 42701  51.6353 244.6072 0005251 159.8639 200.2564 15.64562966 43228
COLUMBIA
1 42702U 98067LK  18048.51451305  .00376276  66884-4  97068-3 0  9990
2 42702  51.6248 227.8169 0005265 253.2570 106.7860 15.94600630 43379
SGSAT
1 42703U 98067LL  18048.51009963  .00090666  00000-0  53079-3 0  9994
2 42703  51.6334 235.4136 0001797 169.9307 190.1730 15.77576027 43266
CXBN-2
1 42704U 98067LM  18047.81715673  .00019186  00000-0  19863-3 0  9990
2 42704  51.6359 248.1521 0002108 109.7696 250.3527 15.64733289 43043
ICECUBE
1 42705U 98067LN  18048.16004404  .00028579  00000-0  25326-3 0  9990
2 42705  51.6396 243.7362 0001825 108.6586 251.4609 15.68352902 43192
PHOENIX
1 42706U 98067LP  18048.00224000  .00016729  00000-0  17666-3 0  9992
2 42706  51.6354 247.1333 0001585 125.8709 234.2433 15.64339616 43067
X-CUBESAT
1 42707U 98067LQ  18048.53500329  .00023768  00000-0  23933-3 0  9997
2 42707  51.6333 243.9099 0001619 133.6984 226.4145 15.65285050 43143
QBEE
1 42708U 98067LR  18047.98659022  .00020590  00000-0  21165-3 0  9996
2 42708  51.6354 247.0133 0001676 129.0169 231.0976 15.64860789 43015
ALTAIR
1 42711U 98067LS  18047.78305233  .00010661  00000-0  12956-3 0  9996
2 42711  51.6359 251.6648 0004297  95.2864 264.8620 15.61170278 42646
SHARC
1 42712U 98067LT  18048.10579551  .00010261  00000-0  12954-3 0  9994
2 42712  51.6376 250.8516 0002671 103.9418 256.1872 15.60212408 42922
ZA-AEROSAT
1 42713U 98067LU  18048.13101544  .00017438  00000-0  19180-3 0  9992
2 42713  51.6346 247.9868 0002386  97.3894 262.7372 15.63260457 42720
LINK
1 42714U 98067LV  18048.50616682  .00037430  00000-0  32950-3 0  9992
2 42714  51.6319 242.1948 0001970 115.0650 245.0552 15.68373865 42944
CSUNSAT1
1 42715U 98067LW  18048.05369011  .00017585  00000-0  19141-3 0  9990
2 42715  51.6360 248.2277 0004074  90.5668 269.5794 15.63517683 42714
UPSAT
1 42716U 98067LX  18047.78341470 +.00026516 +00000-0 +24835-3 0  9999
2 42716 051.6346 246.4072 0003789 162.1359 197.9771 15.67025272042842
SPACECUBE
1 42717U 98067LY  18048.51930193  .00022183  00000-0  22818-3 0  9993
2 42717  51.6345 244.5733 0003778 160.8573 199.2565 15.64787297 42177
HOOPOE
1 42718U 98067LZ  18048.18117549  .00028113  00000-0  27463-3 0  9999
2 42718  51.6352 245.3180 0003680 159.4401 200.6743 15.65940220 42136
CHALLENGER
1 42721U 98067MA  18048.50855937  .00048598  00000-0  39049-3 0  9991
2 42721  51.6332 240.7091 0005453 152.0161 208.1131 15.70455772 41929
NJUST-1
1 42722U 98067MB  18048.13059409  .00016424  00000-0  18547-3 0  9994
2 42722  51.6357 248.7386 0006578 141.5509 218.5955 15.62616274 41780
UNSW-EC0
1 42723U 98067MC  18048.53234436  .00028205  00000-0  27341-3 0  9996
2 42723  51.6363 243.9254 0005923 145.6203 214.5177 15.66120507 41862
DUTHSAT
1 42724U 98067MD  18048.05416911  .00040033  00000-0  33410-3 0  9991
2 42724  51.6335 243.6972 0004861 150.9780 209.1488 15.69632256 41749
LILACSAT-1
1 42725U 98067ME  18048.01767804  .00014712  00000-0  15898-3 0  9993
2 42725  51.6387 248.4536 0006150 140.6275 351.0013 15.63855691 41682
NSIGHT-1
1 42726U 98067MF  18048.05188649  .00007842  00000-0  10335-3 0  9999
2 42726  51.6376 251.9860 0006209 142.2727 217.8702 15.59458617 41647
SNUSAT-1
1 42727U 98067MG  18048.06284884  .00019138  00000-0  20547-3 0  9996
2 42727  51.6340 248.2568 0006939 108.4391 251.7359 15.63787309 41658
QBITO
1 42728U 98067MH  18048.10506596  .00022920  00000-0  23581-3 0  9993
2 42728  51.6375 247.0981 0003285 150.3388 209.7794 15.64762135 41518
AALTO-2
1 42729U 98067MJ  18048.03520702  .00022523  00000-0  23075-3 0  9998
2 42729  51.6355 247.3541 0003276 149.6976 210.4209 15.64880536 41512
SUSAT
1 42730U 98067MK  18048.01344291  .00019718  00000-0  20766-3 0  9991
2 42730  51.6350 247.9499 0003366 145.9889 214.1323 15.64274821 41498
IINSPIRE
1 42731U 98067ML  18047.79872890  .00026650  00000-0  25509-3 0  9990
2 42731  51.6343 247.2387 0005738  97.7464 262.4183 15.66471110 41535
POLYITAN-2
1 42732U 98067MM  18048.14394214  .00024319  00000-0  24649-3 0  9994
2 42732  51.6349 246.5558 0006027  96.4055 263.7626 15.65088351 41578
SNUSAT-1B
1 42733U 98067MN  18048.52605114  .00019803  00000-0  20833-3 0  9994
2 42733  51.6350 245.3639 0006228 100.3107 259.8590 15.64286005 41621
EXALTA-1
1 42734U 98067MP  18048.12293573  .00031662  00000-0  30069-3 0  9992
2 42734  51.6332 245.6503 0006990 121.9551 238.2125 15.66559778 41530
AOXIANG-1
1 42735U 98067MQ  18048.24259254  .00016143  00000-0  18108-3 0  9991
2 42735  51.6350 247.9741 0007034 138.7094 221.4433 15.62800612 42931
BEEAGLESAT
1 42736U 98067MR  18048.12875905  .00019208  00000-0  20772-3 0  9991
2 42736  51.6346 247.9608 0006805 138.3837 221.7677 15.63599889 41614
ATLANTIS
1 42737U 98067MS  18048.53390065  .00175696  00000-0  73249-3 0  9997
2 42737  51.6247 232.4872 0003731 195.2422 164.8470 15.84636127 41746
CAS-4A
1 42761U 17034D   18048.14004631  .00000242  00000-0  28475-4 0  9993
2 42761  43.0196  22.0992 0007756  72.5180  34.0788 15.09266460 37309
CAS-4B
1 42759U 17034B   18048.20323806  .00000200  00000-0  25920-4 0  9991
2 42759  43.0189  21.9060 0007346  70.0232 313.7377 15.09190510 37323
NIUSAT
1 42766U 17036B   18047.94564102 +.00001067 +00000-0 +52370-4 0  9998
2 42766 097.4178 109.1844 0017575 122.0347 238.2598 15.20118612036265
LITUANICASAT-2
1 42768U 17036D   18047.94808203 +.00002118 +00000-0 +98750-4 0  9993
2 42768 097.4186 109.3383 0017441 124.8629 235.4249 15.20838680036289
AALTO-1
1 42775U 17036L   18047.94069137 +.00000909 +00000-0 +44590-4 0  9995
2 42775 097.4173 109.3343 0015748 122.2376 238.0388 15.20517671036229
URSA-MAIOR
1 42776U 17036M   18047.73542588 +.00000927 +00000-0 +45331-4 0  9993
2 42776 097.4179 109.1609 0015609 123.1561 237.1175 15.20582256036192
MAX-VALIER
1 42778U 17036P   18047.73595162 +.00000963 +00000-0 +46412-4 0  9992
2 42778 097.4200 109.3653 0014130 127.9759 232.2755 15.21034545036193
PEGASUS
1 42784U 17036V   18047.69645253 +.00001192 +00000-0 +56207-4 0  9999
2 42784 097.4180 109.3616 0013707 134.0889 226.1478 15.21342676036199
NUDTSAT
1 42787U 17036Y   18047.72047304 +.00001741 +00000-0 +79665-4 0  9992
2 42787 097.4184 109.4855 0013284 134.0572 226.1760 15.21777918036040
SUCHAI
1 42788U 17036Z   18048.13315609  .00001472  00000-0  68262-4 0  9997
2 42788  97.4179 109.8449 0013354 132.6571 227.5793 15.21558579 36332
UCLSAT
1 42789U 17036AA  18047.73600494 +.00001319 +00000-0 +61511-4 0  9992
2 42789 097.4178 109.4558 0013155 133.7638 226.4689 15.21544439036190
VZLUSAT-1
1 42790U 17036AB  18047.71182583 +.00001738 +00000-0 +79496-4 0  9992
2 42790 097.4180 109.4852 0012847 134.2327 225.9966 15.21808271036199
VENTA-1
1 42791U 17036AC  18047.72232449 +.00001288 +00000-0 +60051-4 0  9998
2 42791 097.4178 109.4721 0012768 134.3637 225.8647 15.21613068036181
ROBUSTA-1B
1 42792U 17036AD  18047.64989079  .00001356  00000-0  62932-4 0  9994
2 42792  97.4177 109.4104 0012716 134.9667 225.2602 15.21680940 36197
D-SAT
1 42794U 17036AF  18047.70017820  .00000376  00000-0  38645-4 0  9994
2 42794  97.6094 106.8035 0126287 323.6638  35.6054 14.90781557 35775
SKCUBE
1 42796U 17036AH  18047.94703360 +.00045393 +14992-5 +18926-3 0  9990
2 42796 094.5988 034.2557 0021344 079.5489 280.8191 15.85381536037470
BIRD-J
1 42820U 98067MU  18047.81302363 +.00015846 +00000-0 +17816-3 0  9992
2 42820 051.6348 251.1048 0002969 084.0948 276.0384 15.62776066035021
BIRD-G
1 42821U 98067MV  18047.77040192 +.00015629 +00000-0 +17778-3 0  9993
2 42821 051.6349 251.5705 0003012 086.6488 273.4850 15.62486981034992
BIRD-M
1 42822U 98067MW  18047.82933383 +.00016505 +00000-0 +18657-3 0  9994
2 42822 051.6351 251.2163 0003028 088.9635 271.1706 15.62601007035003
BIRD-B
1 42823U 98067MX  18048.53389856  .00017638  00000-0  19841-3 0  9998
2 42823  51.6356 247.6813 0005887 105.3874 254.7771 15.62660112 35094
BIRD-N
1 42824U 98067MY  18047.77854712 +.00016007 +00000-0 +18170-3 0  9995
2 42824 051.6363 251.6457 0005816 103.9021 256.2620 15.62508735034992
TECHNOSAT
1 42829U 17042E   18048.48800328  .00000277  00000-0  33669-4 0  9990
2 42829  97.6065 315.2842 0012995 234.5660 125.4346 14.90768086 32501
TPU-120
1 42910U 98067MZ  18047.88993345  .00013090  00000-0  16098-3 0  9995
2 42910  51.6347 253.1063 0007044 121.3180 238.8503 15.60604103 28572
TANUSHA-1
1 42911U 98067NA  18048.12163043  .00016635  00000-0  19907-3 0  9998
2 42911  51.6357 251.6808 0006550 118.2397 241.9258 15.61094391 28597
TANUSHA-2
1 42912U 98067NB  18048.53674188  .00015535  00000-0  18888-3 0  9996
2 42912  51.6354 249.9174 0005997 131.0696 229.0816 15.60742327 28674
QIKOM-1
1 42983U 98067NF  18048.17515111  .00002482  00000-0  42889-4 0  9990
2 42983  51.6414 256.3446 0005486 116.7699 340.4896 15.55354240 17535
EAGLESAT
1 43016U 17073D   18048.31422163  .00001206  00000-0  10112-3 0  9992
2 43016  97.7001 344.5090 0259053 302.0117  55.6159 14.77930605 13426
FOX-1B
1 43017U 17073E   18047.77293301 +.00000893 +00000-0 +76479-4 0  9992
2 43017 097.7002 343.9927 0259224 303.7948 053.8819 14.77904357013327
ECAMSAT
1 43019U 98067NG  18048.02259553  .00005091  00000-0  79439-4 0  9990
2 43019  51.6384 257.0322 0005703  89.0503 271.1142 15.55726353 99836
OSIRIS-3U
1 43027U 98067NL  18048.13534048  .00022007  00000-0  29053-3 0  9998
2 43027  51.6372 255.5377 0003256  78.7663 281.3695 15.58296364 13668
INS1C
1 43116U 18004F   18048.10347683  .00001175  00000-0  54587-4 0  9998
2 43116  97.5554 110.3982 0011039 142.0567 218.1449 15.21978139  5465
MICROMAS-2A
1 43131U 18004W   18048.16177672  .00001963  00000-0  88237-4 0  9994
2 43131  97.5501 110.4447 0010804 150.7507 209.4336 15.22316276  5456
PICSAT
1 43132U 18004X   18047.83333346 +.00001335 +00000-0 +61052-4 0  9999
2 43132 097.5503 110.1154 0010876 152.1712 208.0108 15.22288478005403
FOX-1D
1 43137U 18004AC  18047.69844154 +.00001046 +00000-0 +48331-4 0  9996
2 43137 097.5501 109.9871 0010307 153.8859 206.2899 15.22426704005387
TIANYI-2
1 43155U 18008A   18048.25330284  .00000215  00000-0  16991-4 0  9991
2 43155  97.5345 124.7165 0017520 192.9132 254.4166 15.10338776  4385
TIANYI-6
1 43157U 18008C   18048.52893703  .00000664  00000-0  45309-4 0  9996
2 43157  97.5432 124.9751 0015841 179.9311 237.5603 15.09509869  4429
DSTAR-1
1 43184U 18014E   18048.20190399  .00000019  00000-0  69178-5 0  9994
2 43184  97.7251 318.1356 0013017 192.9101 167.1811 14.95721804  2373
FMN-1
1 43192U 18015A   18047.96399570 +.00001967 +00000-0 +88256-4 0  9998
2 43192 097.3378 179.5195 0016033 201.0789 158.9786 15.22253858002226
SHAONIAN-XING
1 43199U 18015H   18047.95427388 +.00001533 +00000-0 +67425-4 0  9997
2 43199 097.3153 179.4917 0016777 215.5464 144.4652 15.23259697002231
