NOAA 15                 
1 25338U 98030A   18040.61612015  .00000016  00000-0  25584-4 0  9991
2 25338  98.7765  56.9179 0009711 234.4350 125.5925 14.25838138 26584
METEOSAT-8 (MSG-1)      
1 27509U 02040B   18039.66006333  .00000128  00000-0  00000-0 0  9998
2 27509   5.2474  57.4690 0002319 335.7413  24.3711  1.00272050 56678
KALPANA-1 (METSAT 1)    
1 27525U 02043A   18029.10184806 -.00000086  00000-0  00000+0 0  9992
2 27525   6.7188  53.8133 0016102 239.7043 304.2380  1.00272139 56347
NOAA 18                 
1 28654U 05018A   18040.59081823  .00000015  00000-0  33388-4 0  9993
2 28654  99.1614  73.3475 0015198 124.3313 235.9298 14.12366059655671
METEOSAT-9 (MSG-2)      
1 28912U 05049B   18040.16641598  .00000049  00000-0  00000-0 0  9996
2 28912   2.6695  71.6594 0003029 265.1415 231.5208  1.00271744 44490
HIMAWARI-7 (MTSAT-2)    
1 28937U 06004A   18040.84966545 -.00000252  00000-0  00000+0 0  9998
2 28937   0.0079  47.7428 0003581 279.3313 263.6829  1.00273480 43776
FORMOSAT-3 FM6          
1 29047U 06011A   18040.49151245  .00000013  00000-0  21355-4 0  9998
2 29047  71.9786  62.9652 0047942 103.9155 256.7320 14.28621177618641
FORMOSAT-3 FM1          
1 29048U 06011B   18040.34077452  .00000063  00000-0  41019-4 0  9994
2 29048  71.9688 335.1649 0041869  58.2124 302.3080 14.28558838621114
FORMOSAT-3 FM5          
1 29049U 06011C   18040.59872461  .00000043  00000-0  33291-4 0  9996
2 29049  72.0209 141.4360 0033082  94.0108 266.4811 14.28621637616936
FORMOSAT-3 FM3          
1 29050U 06011D   18040.45529208  .00000148  00000-0  41624-4 0  9996
2 29050  72.0168  15.3959 0047711  85.6753 274.9849 14.58625152631066
FORMOSAT-3 FM4          
1 29051U 06011E   18040.47559165  .00000051  00000-0  36098-4 0  9996
2 29051  72.0055  45.3358 0069520 328.5056  31.1926 14.28649975619505
FORMOSAT-3 FM2          
1 29052U 06011F   18040.60422549  .00000036  00000-0  30199-4 0  9996
2 29052  72.0348 116.7296 0038532  53.5831 306.8848 14.28744703617025
GOES 13                 
1 29155U 06018A   18039.78016082 -.00000294  00000-0  00000-0 0  9996
2 29155   0.3389 102.3747 0004045 303.5819 314.0459  1.00255778 42932
METOP-A                 
1 29499U 06044A   18040.57737513 -.00000012  00000-0  14378-4 0  9999
2 29499  98.6461 100.8177 0001087 151.3612 310.6105 14.21516475586863
FENGYUN 2D              
1 29640U 06053A   18040.57781168 -.00000373  00000-0  10000-3 0  9999
2 29640   4.8893  63.2455 0006399 320.3394  87.3799  1.00283064 40989
FENGYUN 3A              
1 32958U 08026A   18040.79766920  .00000012  00000-0  24845-4 0  9992
2 32958  98.3895  62.3482 0008735 317.8927  42.1575 14.19692094503047
FENGYUN 2E              
1 33463U 08066A   18040.86642524 -.00000210  00000-0  00000+0 0  9992
2 33463   2.6341  68.5945 0004582 239.0251 230.4438  1.00279269 33517
NOAA 19                 
1 33591U 09005A   18040.61533378  .00000082  00000-0  69564-4 0  9998
2 33591  99.1268  16.2133 0013528 328.8139  31.2228 14.12252666463902
GOES 14                 
1 35491U 09033A   18039.90360121 -.00000104  00000-0  00000+0 0  9995
2 35491   0.0132 167.3893 0008624  78.2268 114.2939  1.00270086 31579
METEOR-M 1              
1 35865U 09049A   18040.63438801  .00000036  00000-0  35075-4 0  9998
2 35865  98.4111  56.5701 0002714 151.5369 208.5958 14.22135919435850
GOES 15                 
1 36411U 10008A   18039.98973573  .00000079  00000-0  00000-0 0  9992
2 36411   0.0481 250.1521 0000690  19.0852  90.7241  1.00267771 29102
COMS 1                  
1 36744U 10032A   18040.51359625 -.00000355  00000-0  00000-0 0  9993
2 36744   0.0026 312.3048 0001084  74.8537  65.4594  1.00271240 20510
FENGYUN 3B              
1 37214U 10059A   18040.41286253 -.00000007  00000-0  19408-4 0  9990
2 37214  98.9299   4.3765 0016504 180.9005 179.2146 14.15874986376110
SUOMI NPP               
1 37849U 11061A   18040.55948946 -.00000004  00000-0  18839-4 0  9991
2 37849  98.7264 340.8160 0001149 114.8690   6.0835 14.19561780325773
FENGYUN 2F              
1 38049U 12002A   18040.51316628 -.00000369  00000-0  00000-0 0  9993
2 38049   2.1976  78.2963 0001599 228.2952 129.7788  1.00272837 22309
METEOSAT-10 (MSG-3)     
1 38552U 12035B   18038.61488729 -.00000011  00000-0  00000-0 0  9992
2 38552   0.8708  22.1252 0001628 275.7126  62.1149  1.00276750 20620
METOP-B                 
1 38771U 12049A   18040.62076955 -.00000014  00000-0  13603-4 0  9998
2 38771  98.6909 102.1598 0000223   4.0762 114.3656 14.21494765280011
FENGYUN 3C              
1 39260U 13052A   18040.49511929  .00000009  00000-0  24344-4 0  9994
2 39260  98.6201 109.3745 0001737  74.4251 285.7115 14.19668552227050
METEOR-M 2              
1 40069U 14037A   18040.86495679 -.00000035  00000-0  38199-5 0  9995
2 40069  98.6216  95.2392 0004304 241.0719 119.0015 14.20649328186302
HIMAWARI-8              
1 40267U 14060A   18040.22238646 -.00000287  00000-0  00000-0 0  9994
2 40267   0.0136 142.4792 0000948 187.3726  30.1122  1.00272430 12185
FENGYUN 2G              
1 40367U 14090A   18040.47389946 -.00000339  00000-0  00000+0 0  9992
2 40367   0.2085 160.9575 0001827 180.3175  73.5244  1.00265679 11466
METEOSAT-11 (MSG-4)     
1 40732U 15034A   18036.25514895 -.00000042  00000-0  00000-0 0  9993
2 40732   1.4577 224.6525 0001522  87.5248 271.8243  1.00278967  9424
ELEKTRO-L 2             
1 41105U 15074A   18040.46021432 -.00000107  00000-0  00000-0 0  9992
2 41105   0.0618  84.0749 0000973 212.8362  84.2163  1.00271240  7944
HIMAWARI-9              
1 41836U 16064A   18040.22221001 -.00000285  00000-0  00000+0 0  9997
2 41836   0.0413 294.1394 0001072  24.9388  40.8832  1.00275893  4721
GOES 16                 
1 41866U 16071A   18039.82314882 -.00000259  00000-0  00000-0 0  9994
2 41866   0.0029 316.6700 0001509  71.2715 332.0357  1.00271769  4526
FENGYUN 4A              
1 41882U 16077A   18040.91183801 -.00000340  00000-0  00000+0 0  9995
2 41882   0.0556  85.9101 0009551  39.8164  87.0862  1.00276499  4403
CYGFM05                 
1 41884U 16078A   18040.23981976  .00000381  00000-0  22305-4 0  9993
2 41884  34.9579 354.5998 0016726 295.1123  64.7853 15.13879436 63786
CYGFM04                 
1 41885U 16078B   18040.18267919  .00001836  00000-0  99005-4 0  9999
2 41885  34.9510 352.9633 0015033 295.9078  64.0084 15.14488688 63793
CYGFM02                 
1 41886U 16078C   18040.22761921  .00001760  00000-0  95636-4 0  9999
2 41886  34.9603 353.6219 0015714 294.9826  64.9253 15.14235602 63794
CYGFM01                 
1 41887U 16078D   18040.24996323  .00001096  00000-0  60836-4 0  9994
2 41887  34.9546 354.5802 0017145 296.4218  63.4734 15.13832072 63781
CYGFM08                 
1 41888U 16078E   18040.26699023  .00000406  00000-0  23528-4 0  9995
2 41888  34.9516 353.6765 0016263 296.9077  62.9972 15.14045691 63787
CYGFM06                 
1 41889U 16078F   18040.28067525  .00000398  00000-0  22829-4 0  9997
2 41889  34.9597 352.1351 0014655 295.2823  64.6370 15.14512236 63804
CYGFM07                 
1 41890U 16078G   18040.26053191  .00000415  00000-0  23726-4 0  9998
2 41890  34.9534 351.7758 0014359 296.4004  63.5233 15.14519166 63803
CYGFM03                 
1 41891U 16078H   18040.25519688  .00000404  00000-0  23160-4 0  9996
2 41891  34.9567 351.8329 0013853 295.8162  64.1120 15.14519833 63804
FENGYUN 3D              
1 43010U 17072A   18040.82603478 -.00000031  00000-0  59270-5 0  9999
2 43010  98.6629 344.2665 0002620  50.8513 309.2898 14.19688811 12360
NOAA 20                 
1 43013U 17073A   18040.57113838 -.00000033  00000-0  51764-5 0  9993
2 43013  98.7149 340.8194 0000752  83.8579 276.2682 14.19550991 11801
